RenamedPop	Ind	Lat	Long	Cone_Length..cm.	Weight_seed..g.	wt10
ABI	ABI_ABI155	35.37076403	-111.6738448	12.37	0.106428	1.06428
ABI	ABI_ABI155	35.37076403	-111.6738448	12.57	0.136278	1.36278
ABI	ABI_ABI155	35.37076403	-111.6738448	11.92	0.132066	1.32066
ABI	ABI_ABI155	35.37076403	-111.6738448	12.25	0.109926	1.09926
ATH	ATH_ATH161	35.38373971	-111.6736722	10.46	0.109045	1.09045
ATH	ATH_ATH161	35.38373971	-111.6736722	10.19	0.101984	1.01984
ATH	ATH_ATH161	35.38373971	-111.6736722	14.25	0.120676	1.20676
ATH	ATH_ATH161	35.38373971	-111.6736722	11.66	0.08674	0.8674
ATH	ATH_ATH161	35.38373971	-111.6736722	12.26	0.116896	1.16896
ATH	ATH_ATH161	35.38373971	-111.6736722	8.37	0.12641	1.2641
ATH	ATH_ATH161	35.38373971	-111.6736722	14.06	0.171278	1.71278
ATH	ATH_ATH161	35.38373971	-111.6736722	11.14	0.165546	1.65546
BAL	BAL_1	26.846	-106.8145	26.33	0.2681	2.681
BAL	BAL_2	26.846	-106.8145	23.33	0.2741	2.741
BAL	BAL_3	26.846	-106.8145	22.36	0.3192	3.192
BAL	BAL_4	26.846	-106.8145	22.01	0.3291	3.291
BAS	BAS_1	28.1805	-108.2128	18.81	0.2665	2.665
BAS	BAS_2	28.1805	-108.2128	20.59	0.1665	1.665
BAS	BAS_3	28.1805	-108.2128	23.33	0.2282	2.282
BAS	BAS_4	28.1805	-108.2128	19.59	0.2572	2.572
BAS	BAS_5	28.1805	-108.2128	15.97	0.2569	2.569
BAY	BAY_1	23.5649	-104.7172	18.57	0.287	2.87
BAY	BAY_2	23.5649	-104.7172	17.27	0.2717	2.717
BAY	BAY_3	23.5649	-104.7172	17.61	0.1843	1.843
BAY	BAY_4	23.5649	-104.7172	20.93	0.2916	2.916
BAY	BAY_5	23.5649	-104.7172	22.52	0.3077	3.077
BCK	BCK-6048	38.00494	-107.65505	10.42	NA	1.4522
BCK	BCK-6050	38.00494	-107.65505	8.84	NA	1.4232
BCK	BCK-6052	38.00494	-107.65505	10.62	NA	1.0105
BCK	BCK-6053	38.00494	-107.65505	12	NA	1.1567
BCK	BCK-6054	38.00494	-107.65505	12.32	NA	1.3983
BRA	BRA_BRA07	32.97851614	-105.7207596	12.93	0.17545	1.7545
BRA	BRA_BRA07	32.97762388	-105.717046	11.46	0.13126	1.3126
BRA	BRA_BRA07	32.97820701	-105.7116917	15.76	0.167828	1.67828
BRA	BRA_BRA07	32.97814197	-105.7118764	15.11	0.21694	2.1694
BU	BU-261	39.10612	-106.15466	7.2	NA	1.1371
BU	BU-263	39.10644	-106.15495	7.91	NA	1.0403
BU	BU-265	39.10696	-106.15497	8.3	NA	0.9552
BU	BU-267	39.10838	-106.15513	8.59	NA	0.9717
BU	BU-269	39.10902	-106.15473	9.18	NA	0.907
CAP	CAP_CAPFOL10	27.79747222	-107.6360833	23.43	0.3989	3.989
CAP	CAP_CAPFOL10	27.80044444	-107.4641111	18.61	0.3553	3.553
CAP	CAP_CAPFOL10	27.79736111	-107.6357778	19.9	0.2829	2.829
CAP	CAP_CAPFOL10	27.80205556	-107.7967778	14.18	0.266	2.66
CAP	CAP_CAPFOL10	27.805	-107.6291667	19.77	0.2078	2.078
CH	CH-125	40.96875	-105.52591	8.56	NA	0.8024
CH	CH-127	40.96901	-105.52624	8.57	NA	0.8829
CH	CH-129	40.96924	-105.5277	8.39	NA	0.7539
CH	CH-131	40.96765	-105.52727	7.94	NA	1.0199
CH	CH-135	40.97131	-105.52959	9.46	NA	1.0767
COO	COO_1	33.05000078	-105.6454003	8.85	0.074322	0.74322
COO	COO_2	33.05058005	-105.6481506	12.47	0.170524	1.70524
COO	COO_3	33.05123895	-105.6463666	11.7	0.208398	2.08398
COO	COO_4	33.05029976	-105.6474728	14.39	0.218938	2.18938
CP	CP-136	40.65248	-105.65836	7.97	NA	0.5668
CP	CP-137	40.65209	-105.65461	7.39	NA	0.6478
CP	CP-141	40.65294	-105.6552	9.25	NA	0.6346
CP	CP-142	40.65237	-105.6555	7.22	NA	0.6387
CP	CP-144	40.65188	-105.65549	5.99	NA	0.3795
DD	DD-101	40.8129	-104.03	8	NA	0.5974
DD	DD-102	40.81292	-104.03305	9.2	NA	0.3099
DD	DD-103	40.81413	-104.02943	8.75	NA	0.4612
DD	DD-104	40.81421	-104.02951	9.33	NA	0.5645
EAG	EAG_EAG113	33.39344348	-105.7334219	7.97	0.08424	0.8424
EAG	EAG_EAG113	33.39381119	-105.7330511	9.62	0.076256	0.76256
EAG	EAG_EAG113	33.39317861	-105.734141	9.7	0.092224	0.92224
EFS	EFS-6057	37.38039	-106.87613	14.16	NA	1.9007
EFS	EFS-6059	37.38167	-106.87721	16.64	NA	2.1019
EFS	EFS-6061	37.38227	-106.87792	15.58	NA	2.077
EFS	EFS-6063	37.38273	-106.87851	11.74	NA	2.0532
EFS	EFS-6065	37.37562	-106.88652	15.78	NA	1.4655
FEN	FEN_1	33.25031108	-105.5969976	10.69	0.195302	1.95302
FEN	FEN_2	33.2496153	-105.5950936	12.39	0.192282	1.92282
FEN	FEN_3	33.25009835	-105.5976576	8.59	0.04268	0.4268
FEN	FEN_4	33.24956727	-105.5959139	9.62	0.269058	2.69058
FEN	FEN_5	33.24956727	-105.5959139	13.5	0.243	2.43
FEN	FEN_6	33.24956727	-105.5959139	13.17	0.209	2.09
FEN	FEN_7	33.24956727	-105.5959139	15.82	0.253	2.53
FEN	FEN_8	33.24956727	-105.5959139	14.92	0.254	2.54
FEN	FEN_9	33.24956727	-105.5959139	12.88	0.213	2.13
HO	HO-346	38.07063	-105.5881	7.57	NA	1.3355
HO	HO-348	38.07081	-105.58784	8.31	NA	1.3955
HO	HO-349	38.07093	-105.58785	8.93	NA	1.2276
HO	HO-350	38.07081	-105.58813	8.65	NA	1.1483
HO	HO-352	38.07074	-105.58836	10.23	NA	1.3677
JEN	JEN-146	39.93334	-105.6602	6.68	NA	0.9076
JEN	JEN-148	39.93358	-105.65927	7.15	NA	0.776
JEN	JEN-150	39.93367	-105.65898	6.47	NA	0.6068
JEN	JEN-152	39.93366	-105.65845	6.99	NA	0.5911
JEN	JEN-155	39.93361	-105.66002	9.21	NA	1.0089
JV	JV-123	41.03238	-106.08797	8.95	NA	0.923
JV	JV-125	41.03247	-106.08916	8.29	NA	1.112
JV	JV-127	41.03288	-106.08995	8.38	NA	1.0094
JV	JV-129	41.03208	-106.08704	8.49	NA	0.931
JV	JV-131	41.03171	-106.08619	7.57	NA	0.7805
KLO	KLO_1	35.40397103	-111.8432955	9.21	0.130922	1.30922
KLO	KLO_2	35.40535446	-111.8439313	13.18	0.163846	1.63846
KLO	KLO_3	35.40613381	-111.8440174	9.73	0.16673	1.6673
LON	LON_LON178	32.68207538	-105.6390079	15.33	0.152748	1.52748
LON	LON_LON178	32.68070821	-105.6386396	13.59	0.131236	1.31236
LON	LON_LON178	32.67911833	-105.6377351	12.01	0.108814	1.08814
LON	LON_LON178	32.68161085	-105.6386316	10.52	0.079088	0.79088
MEL	MEL-6066	38.06844	-110.81678	9.1	NA	1.2332
MEL	MEL-6068	38.06891	-110.81631	9.74	NA	0.8443
MEL	MEL-6070	38.06875	-110.81577	8.66	NA	0.8025
MEL	MEL-6072	38.06815	-110.81965	10.52	NA	1.142
MEL	MEL-6074	38.07055	-110.82078	10.3	NA	1.1677
MSL	MSL-23	37.73605	-105.44882	8.02	NA	0.904
MSL	MSL-27	37.73239	-105.45189	8.59	NA	1.4799
MSL	MSL-29	37.73186	-105.45262	8.67	NA	0.8211
MSL	MSL-37	37.7368	-105.45502	8.45	NA	0.9869
MSL	MSL-40	37.73189	-105.4524	8.18	NA	0.9665
OBS	OBS_OBS57	33.99145346	-107.180345	7.34	0.06582	0.6582
OBS	OBS_OBS57	33.99046733	-107.1810959	11.72	0.144398	1.44398
OBS	OBS_OBS57	33.99040556	-107.1817728	13.25	0.137492	1.37492
OBS	OBS_OBS57	33.99210138	-107.1812003	12.55	0.181888	1.81888
PEA	PEA_1	32.92568	-108.16537	10.94	0.084688	0.84688
PEA	PEA_2	32.92666	-108.16381	12.85	0.116258	1.16258
PEA	PEA_3	32.92581	-108.16496	10.16	0.059866	0.59866
PEA	PEA_4	32.92747	-108.16423	10.79	0.077186	0.77186
WY	PHA-105	41.26749	-105.43392	7.09	NA	0.9119
WY	PHA-106	41.26752	-105.43344	8.67	NA	0.8056
WY	PHA-107	41.27083	-105.43349	9.55	NA	1.0849
WY	PHA-108	41.26683	-105.43448	8.57	NA	0.9544
WY	PHA-109	41.26657	-105.43464	7.82	NA	0.85
WY	PHA-110	41.26686	-105.43516	9.41	NA	0.8131
WY	PHA-111	41.26723	-105.43516	8.03	NA	0.7672
WY	PHA-112	41.26885	-105.43519	9.19	NA	0.8248
WY	PHA-113	41.26888	-105.43418	10.31	NA	1.1173
WY	PHA-114	41.26658	-105.43314	9.08	NA	0.6971
PIN	PIN_PIN225	31.93404517	-109.2734985	13.55	0.146968	1.46968
PIN	PIN_PIN225	31.93483927	-109.2746007	12.05	0.145728	1.45728
ROA	ROA_ROA152	35.34763861	-111.6241681	10.25	0.126954	1.26954
ROA	ROA_ROA152	35.34895247	-111.6247666	13.51	0.135216	1.35216
ROA	ROA_ROA152	35.34855668	-111.6250021	11.23	0.118692	1.18692
SAM	SAM_1	27.29923	-107.52639	25.95	0.3385	3.385
SAM	SAM_2	27.29907	-107.5281	19.65	0.1942	1.942
SAM	SAM_3	27.30137	-107.52774	24.34	0.2308	2.308
SAM	SAM_4	27.29966	-107.52687	21.75	0.2441	2.441
SAM	SAM_5	27.30034	-107.52699	24.14	0.355	3.55
SCR	SCR_SCR241	32.44789624	-110.7846458	16.01	0.252748	2.52748
SCR	SCR_SCR241	32.45097407	-110.7833835	13.99	0.20813	2.0813
SCR	SCR_SCR241	32.44768912	-110.7854062	18.98	0.234472	2.34472
SCR	SCR_SCR241	32.45039941	-110.7835886	15.7	0.190622	1.90622
SCR	SCR_SCR241	32.4482875	-110.7835421	13.27	0.166022	1.66022
SEG	SEG_1	35.15773854	-108.1050525	10.66	0.058532	0.58532
SEG	SEG_2	35.15720596	-108.1051131	9.45	0.075396	0.75396
VC	VC-331	38.07401	-105.6036	8.91	NA	1.149
VC	VC-332	38.08422	-105.57351	8.7	NA	0.7907
VC	VC-333	38.08418	-105.5734	10.96	NA	1.1096
VC	VC-334	38.084	-105.57314	9.06	NA	0.9439
VC	VC-335	38.08339	-105.57167	8.45	NA	0.9124
WIT	WIT_WIT67	33.87998211	-107.4856496	11.56	0.081236	0.81236
WIT	WIT_WIT67	33.88022946	-107.4863683	8.86	0.104494	1.04494
WIT	WIT_WIT67	33.87963887	-107.4865569	13.15	0.134994	1.34994
WIT	WIT_WIT67	33.88002804	-107.4855879	11.16	0.126702	1.26702
WIT	WIT_WIT67	33.87839718	-107.4847743	11.17	0.095758	0.95758
YEC	YEC_1	28.33191667	-109.0293056	21.73	0.3911	3.911
YEC	YEC_2	28.33175	-109.0282222	17.3	0.2188	2.188
YEC	YEC_3	28.33177778	-109.0276667	19.6	0.2576	2.576
YEC	YEC_4	28.33116667	-109.0304444	23.43	0.39	3.9
YEC	YEC_5	28.32836111	-109.0276111	23.42	0.3396	3.396
