family	population	snp102.Plmn	snp106.Plmn	snp108.Plmn	snp110.Plmn	snp122.Plmn	snp126.Plmn	snp127.Plmn	snp128.Plmn	snp133.Plmn	snp134.Plmn	snp135.Plmn	snp139.Plmn	snp13.Plmn	snp147.Plmn	snp158.Plmn	snp15.Plmn	snp160.Plmn	snp161.Plmn	snp162.Plmn	snp163.Plmn	snp165.Plmn	snp168.Plmn	snp169.Plmn	snp174.Plmn	snp175.Plmn	snp176.Plmn	snp181.Plmn	snp183.Plmn	snp185.Plmn	snp189.Plmn	snp18.Plmn	snp190.Plmn	snp191.Plmn	snp194.Plmn	snp19.Plmn	snp1.Plmn	snp20.Plmn	snp215.Plmn	snp21.Plmn	snp22.Plmn	snp230.Plmn	snp231.Plmn	snp233.Plmn	snp234.Plmn	snp235.Plmn	snp241.Plmn	snp243.Plmn	snp247.Plmn	snp248.Plmn	snp252.Plmn	snp257.Plmn	snp25.Plmn	snp260.Plmn	snp263.Plmn	snp264.Plmn	snp26.Plmn	snp270.Plmn	snp272.Plmn	snp278.Plmn	snp279.Plmn	snp27.Plmn	snp280.Plmn	snp282.Plmn	snp28.Plmn	snp292.Plmn	snp294.Plmn	snp296.Plmn	snp299.Plmn	snp29.Plmn	snp300.Plmn	snp302.Plmn	snp303.Plmn	snp30.Plmn	snp31.Plmn	snp321.Plmn	snp322.Plmn	snp325.Plmn	snp326.Plmn	snp328.Plmn	snp32.Plmn	snp333.Plmn	snp334.Plmn	snp337.Plmn	snp33.Plmn	snp343.Plmn	snp346.Plmn	snp348.Plmn	snp357.Plmn	snp361.Plmn	snp362.Plmn	snp365.Plmn	snp366.Plmn	snp368.Plmn	snp36.Plmn	snp371.Plmn	snp374.Plmn	snp376.Plmn	snp377.Plmn	snp378.Plmn	snp386.Plmn	snp389.Plmn	snp38.Plmn	snp390.Plmn	snp398.Plmn	snp403.Plmn	snp404.Plmn	snp406.Plmn	snp408.Plmn	snp409.Plmn	snp410.Plmn	snp413.Plmn	snp41.Plmn	snp422.Plmn	snp425.Plmn	snp426.Plmn	snp42.Plmn	snp431.Plmn	snp432.Plmn	snp437.Plmn	snp439.Plmn	snp43.Plmn	snp442.Plmn	snp445.Plmn	snp446.Plmn	snp452.Plmn	snp454.Plmn	snp455.Plmn	snp459.Plmn	snp45.Plmn	snp461.Plmn	snp462.Plmn	snp463.Plmn	snp467.Plmn	snp470.Plmn	snp47.Plmn	snp481.Plmn	snp482.Plmn	snp483.Plmn	snp487.Plmn	snp490.Plmn	snp498.Plmn	snp49.Plmn	snp4.Plmn	snp502.Plmn	snp50.Plmn	snp510.Plmn	snp511.Plmn	snp512.Plmn	snp522.Plmn	snp55.Plmn	snp63.Plmn	snp67.Plmn	snp68.Plmn	snp70.Plmn	snp73.Plmn	snp76.Plmn	snp77.Plmn	snp79.Plmn	snp93.Plmn	snp95.Plmn
59	blk cyn	0	1	0	0	2	9	9	0	0	2	2	1	0	0	1	0	9	0	0	2	2	2	9	2	2	2	2	0	1	1	0	0	2	1	0	2	2	9	9	2	2	0	0	2	0	0	9	0	2	0	2	2	9	9	0	0	2	0	0	2	2	0	0	9	2	2	0	0	1	0	2	2	2	2	0	2	0	2	9	2	1	1	2	2	2	1	1	0	0	0	9	0	0	1	1	2	9	0	2	1	2	0	0	2	1	1	2	0	0	2	2	0	0	1	9	2	2	1	0	2	2	9	2	0	2	2	2	1	1	0	0	2	2	0	0	0	0	9	0	2	2	1	2	2	0	2	9	2	2	9	9	2	0	1	0	0	0	0	0	1
60	blk cyn	1	0	1	0	1	1	0	0	0	9	0	0	1	0	0	0	1	1	1	1	0	0	1	1	1	1	0	1	1	0	0	1	0	0	0	0	0	0	0	0	0	0	0	0	1	9	0	0	1	1	0	1	0	0	1	0	0	0	0	0	1	0	0	0	0	1	0	0	0	1	0	0	0	1	1	0	0	0	0	0	0	0	0	0	1	1	0	0	0	1	0	0	0	2	0	1	0	0	0	1	1	1	0	0	0	0	0	0	0	0	1	1	0	0	0	0	0	0	1	1	1	0	1	0	1	0	0	1	1	1	1	1	1	0	0	1	0	1	1	0	1	2	1	0	2	0	0	0	0	0	0	0	2	1	0	0	0	0	0	0
61	blk cyn	0	0	1	0	0	1	0	0	0	1	1	0	1	0	0	0	0	0	0	0	0	0	0	0	0	0	0	1	1	1	0	0	0	0	0	0	0	0	0	0	1	2	0	0	1	0	0	0	1	2	0	0	0	1	1	0	1	0	1	1	1	0	1	0	0	0	0	0	0	0	0	0	0	1	0	0	0	0	0	0	0	0	0	0	0	2	0	0	0	0	0	0	0	1	0	1	0	0	1	0	0	0	0	0	0	0	0	0	0	0	1	0	0	1	1	1	0	0	2	1	0	0	1	1	0	0	0	0	0	0	0	0	2	1	0	0	0	1	1	0	1	1	2	1	1	1	0	0	0	0	0	0	0	1	0	0	0	0	0	0
63	blk cyn	0	0	0	0	2	2	0	0	0	1	0	0	1	0	0	0	0	1	0	0	0	0	1	0	2	2	0	0	0	0	2	9	0	0	2	0	0	0	0	1	0	0	1	0	0	1	0	0	2	2	0	0	0	0	1	0	0	1	0	0	2	0	0	0	1	2	0	0	1	1	0	1	1	1	2	0	1	0	0	1	0	0	0	0	0	0	0	0	0	2	0	0	1	2	0	0	0	0	0	0	0	0	0	0	0	0	0	0	0	0	0	1	0	0	0	0	0	0	1	0	1	0	0	0	1	1	0	0	2	0	0	0	0	0	1	0	0	9	1	0	2	1	1	0	1	0	0	0	0	0	0	0	0	1	0	0	0	1	0	0
64	blk cyn	1	0	1	0	1	1	0	0	0	0	0	0	1	0	0	1	0	0	0	0	1	1	0	0	1	1	0	1	1	0	1	0	0	0	1	0	0	1	0	0	1	1	0	1	0	1	0	0	1	1	0	1	0	0	1	0	0	1	1	1	1	1	1	0	0	0	0	0	0	0	0	0	0	1	2	0	1	0	1	0	1	1	0	0	0	0	0	0	0	9	1	1	1	0	0	1	0	0	0	0	2	0	0	0	0	0	0	0	0	0	1	1	0	9	1	0	0	0	0	0	1	0	1	2	1	0	0	0	0	1	1	1	1	0	1	0	0	1	2	0	1	0	0	0	0	0	2	0	0	0	0	0	9	1	0	0	0	1	0	0
65	blk cyn	1	0	9	0	1	1	0	0	0	1	0	0	1	0	0	0	0	0	1	1	1	1	0	0	0	0	0	0	0	0	0	0	1	1	0	1	0	0	1	0	0	1	0	0	0	1	0	0	0	0	0	0	0	2	0	0	0	0	0	0	2	1	0	0	0	1	0	0	2	2	0	0	2	0	1	0	0	0	0	2	0	1	0	0	0	0	0	0	0	2	0	0	1	1	0	1	0	0	0	0	2	0	0	0	1	0	1	0	0	0	1	0	0	0	0	2	1	1	1	1	0	0	2	1	0	0	0	0	0	0	1	1	1	0	2	1	0	0	1	0	1	0	0	0	0	0	0	0	0	0	0	0	2	1	0	0	0	1	0	0
67	blk cyn	1	0	2	0	0	2	0	0	0	1	0	0	9	1	0	0	0	9	0	0	0	0	0	0	1	1	0	0	0	0	1	0	0	0	1	1	0	0	0	0	1	1	0	0	2	9	0	2	0	2	0	0	0	1	0	0	0	2	0	0	2	0	0	0	0	0	0	1	1	0	0	0	1	1	1	0	0	0	0	1	0	0	0	0	0	9	1	0	0	0	0	0	0	1	0	0	1	0	0	1	1	0	0	0	0	0	0	1	0	0	1	0	0	0	0	1	0	0	0	0	0	0	1	9	0	0	0	0	0	0	1	1	1	0	9	0	0	2	1	0	0	0	0	0	0	0	0	0	0	0	0	0	1	1	0	0	0	1	0	0
69	blk cyn	0	0	1	0	0	1	0	0	0	1	0	0	1	0	0	0	9	1	1	9	0	0	0	1	1	1	1	2	2	0	0	0	0	0	0	1	0	0	0	1	0	0	0	0	2	1	0	1	0	1	0	0	0	0	1	2	1	9	0	0	0	0	0	2	0	0	0	0	0	2	0	0	0	1	2	0	0	0	0	0	1	0	0	0	0	0	0	1	0	0	0	2	1	1	0	1	0	0	0	0	1	0	0	0	1	0	0	0	0	0	0	0	0	1	1	1	0	0	0	0	1	0	0	9	2	0	0	2	0	1	1	1	1	0	2	0	0	0	0	9	0	0	1	0	0	1	0	0	0	0	0	0	2	1	0	0	1	0	9	0
72	blk cyn	1	0	0	0	0	1	0	0	0	1	0	0	9	0	0	0	0	0	1	0	0	0	0	0	0	0	0	0	0	0	0	0	0	0	0	1	9	0	0	0	0	1	0	0	9	0	0	0	0	0	0	1	0	1	1	0	1	1	1	1	0	0	1	9	0	0	0	0	1	2	0	0	9	0	0	0	0	0	0	1	0	0	0	0	0	9	0	0	0	9	0	1	0	1	0	9	0	0	0	1	0	0	0	0	0	0	0	0	0	1	1	1	0	2	1	1	0	0	1	0	1	0	1	2	0	0	0	0	0	0	1	1	0	0	9	0	0	9	0	0	0	0	0	0	0	0	0	0	0	0	0	0	2	2	0	0	0	2	0	0
73	blk cyn	1	9	1	0	1	0	0	0	0	0	2	0	1	0	0	0	0	9	1	0	1	1	0	0	1	1	0	0	0	0	0	1	0	0	0	0	0	0	0	0	1	1	0	0	9	2	0	0	1	1	0	1	0	0	1	0	1	0	0	0	1	0	0	0	0	0	1	0	1	1	0	0	1	0	1	0	0	0	0	1	0	1	0	0	0	0	0	0	0	1	0	0	1	2	0	2	0	0	0	1	1	0	0	0	0	0	0	0	0	1	0	0	1	0	0	1	2	2	0	0	0	0	0	0	0	0	0	0	0	0	1	1	0	0	0	9	0	0	1	0	0	9	1	0	1	0	0	0	0	0	0	0	1	1	0	0	0	1	0	0
76	flume	0	0	0	0	0	0	0	0	0	9	0	0	1	0	0	0	0	0	0	1	1	1	0	0	2	2	0	1	1	0	0	9	1	1	0	0	0	0	0	0	1	1	1	1	1	1	0	0	1	9	0	2	0	1	0	0	1	1	0	0	0	2	0	9	0	0	0	0	0	1	1	0	0	0	1	0	0	9	0	0	0	0	0	9	1	0	0	0	0	2	1	1	0	2	0	0	0	0	0	1	1	9	0	0	0	0	0	0	0	0	2	0	1	0	0	1	0	0	0	0	1	1	1	1	2	0	0	0	0	0	0	0	1	0	0	0	0	9	1	0	0	0	1	0	1	0	0	0	0	0	0	0	1	2	0	0	0	9	1	0
77	flume	1	1	1	0	0	0	0	0	0	0	0	0	1	0	0	1	0	0	0	1	0	0	0	0	0	0	0	2	2	0	0	0	0	0	0	0	0	0	0	0	1	1	1	0	1	0	0	0	0	0	0	0	0	0	1	0	1	1	1	1	2	0	1	0	1	0	1	0	1	2	0	0	1	1	0	0	0	0	0	1	0	1	0	0	0	0	0	1	0	0	0	1	2	1	0	2	0	0	0	0	0	0	0	0	0	0	0	1	0	0	0	0	0	1	1	1	0	0	1	1	0	0	1	0	2	0	1	2	0	2	1	1	1	0	1	0	0	2	1	0	0	1	0	0	1	1	0	0	0	0	0	0	9	1	0	0	0	0	0	0
78	flume	1	0	9	9	1	0	0	0	0	9	0	0	1	0	0	1	0	0	0	1	0	0	1	0	1	1	0	1	1	9	0	0	1	1	0	0	0	0	0	0	0	1	0	0	9	0	0	0	0	0	0	1	0	0	9	0	1	1	0	0	1	1	0	0	0	0	0	0	0	2	0	9	0	2	0	0	0	0	0	1	0	1	0	0	0	2	0	0	9	0	0	1	2	1	0	2	0	1	0	0	0	0	0	0	0	0	1	0	0	0	0	0	0	1	0	1	0	0	1	1	0	0	1	0	2	0	2	1	0	1	0	0	0	2	1	0	9	9	9	0	0	9	1	0	2	1	0	0	0	0	0	0	0	9	0	0	0	0	0	0
79	flume	1	1	0	0	1	0	0	0	0	1	0	0	1	1	0	0	1	0	0	1	0	0	0	0	1	1	1	2	2	0	0	0	1	1	0	0	0	0	0	0	1	2	1	0	1	0	0	0	2	2	0	1	0	0	2	0	0	1	1	1	1	0	1	0	1	0	0	0	1	2	0	0	1	0	0	0	0	0	9	1	1	0	0	0	0	2	0	1	0	9	0	0	1	2	0	1	0	0	0	1	0	0	0	0	0	0	0	0	0	0	0	1	0	0	0	1	1	1	1	0	9	0	0	0	2	0	1	1	0	2	1	1	1	1	2	0	0	0	1	0	1	0	0	0	9	0	1	0	0	0	0	0	1	1	0	0	0	0	0	0
81	flume	1	1	1	1	0	0	0	0	0	0	0	0	1	1	1	0	1	1	0	0	0	0	0	0	2	2	0	2	2	0	0	1	0	0	0	0	0	0	0	1	1	1	0	0	9	0	0	0	0	0	0	1	0	1	1	0	0	2	0	0	1	1	0	0	0	0	0	0	2	2	0	0	2	0	0	0	0	0	0	2	0	0	0	1	1	9	0	0	0	1	0	0	0	2	0	0	0	0	2	0	0	0	0	0	0	0	0	2	0	0	2	0	0	1	1	0	0	0	0	0	0	0	2	1	1	0	9	1	0	0	0	0	1	0	1	1	0	0	1	1	1	1	1	0	1	1	0	0	0	0	2	0	1	2	0	1	0	1	0	0
82	flume	1	0	9	0	0	9	0	0	0	0	0	0	1	1	2	0	1	9	0	0	0	0	0	0	0	0	0	0	0	0	1	1	0	0	1	0	0	0	0	0	1	1	0	0	9	2	0	0	1	1	0	0	0	1	0	1	0	2	0	0	0	9	0	9	1	0	0	0	2	0	0	0	2	0	1	0	0	0	0	2	0	1	1	0	1	0	0	0	0	2	0	1	0	2	0	1	0	0	1	0	1	0	0	0	0	0	0	0	0	0	1	0	1	0	0	1	0	0	0	0	0	0	0	0	1	0	0	2	0	2	1	1	0	0	2	9	1	9	1	0	0	0	0	9	0	0	1	0	0	0	0	0	1	2	0	1	0	2	2	0
83	flume	0	0	1	0	0	2	0	0	0	1	0	0	1	1	0	0	1	0	0	0	0	0	0	0	1	1	0	0	0	0	0	1	1	1	0	0	0	1	1	0	0	1	0	1	2	0	0	0	1	1	0	0	0	0	1	1	0	0	0	0	0	0	0	9	0	0	0	0	1	1	0	0	1	0	1	0	0	1	1	1	1	1	0	0	0	0	0	0	0	0	0	1	1	0	0	1	9	0	0	0	2	0	0	0	0	0	0	1	1	0	0	0	1	0	0	0	0	0	2	0	0	0	0	0	1	0	0	1	0	1	0	0	2	0	0	1	0	1	1	0	1	2	1	0	2	1	1	0	0	0	0	0	2	1	0	0	0	1	0	0
84	flume	0	0	1	0	2	0	0	0	0	1	0	0	1	0	0	0	0	0	9	1	0	0	1	1	0	0	0	0	0	0	0	1	0	0	0	0	1	0	0	0	0	1	0	1	0	0	0	0	1	1	0	1	0	0	1	0	0	1	0	0	1	0	0	0	0	0	1	1	0	1	0	0	0	1	2	0	0	0	1	0	0	0	0	1	0	2	0	0	0	2	1	1	1	2	0	2	0	0	0	0	0	0	0	0	0	0	0	1	0	0	2	1	0	1	1	1	0	0	1	1	1	0	0	0	1	0	1	0	0	0	0	0	1	0	0	0	1	1	1	0	1	2	0	0	2	0	1	0	0	0	0	0	0	1	0	1	0	0	0	0
85	flume	2	0	1	0	0	0	1	1	0	1	0	0	1	0	0	1	0	0	0	1	1	1	0	0	1	1	1	1	1	0	0	0	0	0	0	0	0	1	0	0	0	1	0	0	0	2	0	0	0	0	0	1	0	0	1	0	0	0	1	1	0	0	1	0	1	1	0	0	1	2	0	0	1	0	0	0	0	0	2	1	1	0	0	0	0	9	0	0	0	9	0	1	0	1	0	0	0	0	0	1	1	0	0	0	0	0	0	0	0	0	0	0	0	9	2	1	0	0	1	1	0	0	9	0	1	0	0	2	0	2	2	2	1	0	1	0	0	0	0	1	9	0	1	1	0	0	2	0	0	0	1	0	9	1	0	0	0	0	1	0
86	flume	0	0	1	0	0	9	0	0	0	1	1	0	1	0	2	0	0	0	0	0	1	1	1	0	1	1	0	1	1	0	0	0	0	0	0	1	0	0	1	0	0	0	0	0	0	0	1	0	0	0	0	0	0	2	0	0	0	1	0	0	1	0	0	0	0	0	1	0	0	0	0	0	0	0	2	0	0	0	0	0	0	0	0	0	0	9	0	0	0	2	0	0	0	1	0	0	0	0	0	0	1	0	0	0	0	0	0	0	0	0	0	0	0	0	0	1	1	1	0	0	0	0	2	0	0	0	0	1	1	0	1	1	1	1	1	0	0	0	2	0	0	1	2	0	1	0	1	0	0	0	0	0	1	1	0	0	0	0	0	0
87	flume	0	0	9	1	1	0	0	0	0	0	0	0	1	0	0	0	9	0	1	1	1	1	0	0	1	1	0	0	0	0	0	9	0	0	0	0	0	0	1	0	1	2	0	0	2	1	0	1	1	2	0	0	0	1	1	0	0	1	0	0	2	1	0	0	1	0	0	1	0	1	0	0	0	0	1	0	0	0	9	0	1	0	0	0	1	0	0	0	0	2	0	0	0	1	0	0	0	0	0	9	0	0	0	0	1	0	1	0	0	0	1	0	0	9	1	1	0	0	0	0	0	0	1	0	1	9	0	2	0	2	1	1	0	0	1	1	0	0	1	1	1	0	2	0	0	1	0	0	0	0	0	0	0	1	0	1	0	0	0	0
88	flume	0	0	2	1	1	0	0	0	0	0	0	0	1	0	0	1	0	0	0	0	0	0	0	0	0	0	0	0	0	0	0	0	0	0	0	1	0	0	1	0	0	2	0	0	0	0	0	0	0	0	0	1	0	1	1	0	2	0	0	0	0	1	0	9	0	0	0	0	0	1	0	1	0	0	1	0	0	0	0	0	0	0	0	1	0	0	0	0	0	1	1	1	0	1	0	0	1	0	0	0	1	0	0	0	1	0	1	0	0	0	1	0	0	0	0	9	0	0	1	1	0	0	1	1	2	0	2	1	1	0	1	1	1	0	0	0	0	1	1	0	1	1	0	0	1	1	0	0	0	0	0	0	2	2	0	0	0	1	0	0
89	flume	1	0	0	0	1	0	0	0	0	9	0	0	1	0	0	0	0	1	0	0	0	0	1	0	0	0	0	2	2	0	1	1	0	0	1	1	1	0	0	1	1	2	0	0	0	1	1	1	1	2	0	0	0	1	0	0	0	0	0	0	1	0	0	0	0	0	0	0	1	1	0	0	1	0	1	0	0	0	0	1	0	0	0	0	1	0	0	0	0	9	1	0	0	0	0	0	0	0	0	0	1	0	0	0	1	0	1	1	1	0	2	0	0	1	1	1	0	0	1	1	0	0	0	0	1	0	2	0	0	0	1	1	1	0	2	1	0	0	2	0	1	0	0	1	0	0	0	0	0	0	1	0	1	1	0	0	0	1	0	0
90	flume	1	9	0	0	1	1	0	0	0	1	1	0	1	1	1	0	0	1	1	1	0	0	0	0	0	0	0	0	0	0	0	0	0	0	0	1	0	1	1	0	0	1	0	0	2	1	0	0	1	1	0	0	0	2	0	0	0	1	0	0	2	0	0	0	0	0	1	0	1	1	0	0	1	0	1	0	0	0	1	1	1	1	0	0	1	0	0	0	0	2	0	1	0	0	0	0	9	0	0	0	1	0	0	0	1	0	1	1	0	1	0	1	1	1	1	1	0	0	1	1	1	0	0	0	0	0	0	2	1	1	1	1	1	0	1	0	0	0	1	0	9	1	1	0	1	1	0	0	0	0	0	0	2	1	0	2	0	9	0	0
92	flume	0	0	1	0	2	0	0	0	0	0	1	0	1	0	1	0	1	0	1	1	1	1	1	0	1	1	0	1	1	0	0	0	0	0	0	0	0	0	1	0	0	0	1	0	1	1	0	0	0	0	0	0	0	1	1	2	1	0	0	0	0	0	0	2	0	0	1	0	0	0	0	0	0	0	1	0	0	0	0	0	0	1	0	1	0	1	0	0	0	2	0	1	1	2	0	2	1	0	1	0	0	1	0	0	0	0	0	0	0	0	0	1	0	1	1	1	0	0	1	1	1	0	1	1	1	0	0	1	0	2	2	2	0	0	0	0	0	0	1	0	2	1	1	0	1	1	1	0	0	0	0	0	9	1	0	1	0	1	0	0
93	flume	0	0	1	0	1	0	0	0	0	0	0	0	1	0	1	0	0	9	2	2	0	0	0	0	1	9	0	1	1	0	0	0	0	0	0	1	0	0	0	0	1	1	0	0	0	1	0	1	0	1	0	0	0	0	1	1	0	9	0	0	9	0	0	9	0	0	1	0	0	0	0	0	0	0	0	0	0	0	0	0	0	0	0	0	0	0	0	0	0	1	0	0	0	2	0	0	0	0	1	0	0	0	1	0	0	0	0	0	0	0	1	1	0	1	1	0	0	1	2	1	1	0	0	0	2	0	0	1	0	1	1	1	1	1	1	0	0	0	0	0	0	1	1	1	9	1	0	0	0	0	0	0	2	1	0	0	0	1	0	1
94	incline lk	2	0	1	9	0	2	0	0	0	1	0	0	1	0	0	0	0	0	0	0	1	1	1	0	1	1	0	1	1	0	1	0	0	0	1	1	0	0	1	0	0	0	1	0	0	0	0	0	0	0	0	0	0	0	0	0	0	1	0	0	1	1	0	0	1	0	0	0	1	0	0	0	9	0	0	0	0	0	0	1	0	0	0	0	1	0	0	1	0	2	0	0	1	1	0	9	0	0	0	1	0	0	0	1	0	0	0	1	1	1	0	0	0	1	1	1	1	1	0	0	0	0	0	0	1	0	9	0	0	0	1	1	1	1	2	0	0	0	0	0	0	0	0	0	0	1	0	0	0	0	0	0	0	0	0	0	0	0	0	0
95	incline lk	0	0	0	0	0	1	0	0	0	0	0	0	1	0	2	0	0	0	1	1	0	0	1	0	0	0	0	1	1	0	0	1	0	0	0	1	0	0	1	0	1	1	0	0	1	1	0	1	0	1	0	0	0	1	1	0	0	1	0	0	1	0	0	0	0	0	0	0	1	0	0	2	1	1	0	0	0	0	0	1	0	0	0	0	0	2	0	0	0	1	0	0	1	1	0	1	0	0	1	0	1	0	0	0	0	0	0	0	0	1	1	0	0	0	0	1	0	0	0	0	0	0	0	1	0	0	0	1	0	1	0	0	2	0	1	0	0	0	0	0	1	1	2	0	1	2	0	0	0	0	0	0	0	2	0	0	0	0	0	0
96	incline lk	0	0	1	1	1	1	0	0	0	0	0	0	1	0	1	0	0	0	0	0	1	1	0	0	1	1	1	1	1	0	0	0	0	0	0	1	0	0	0	0	0	1	0	0	1	0	0	0	0	0	0	1	0	0	1	0	0	1	0	0	1	0	0	0	0	0	1	0	0	2	0	0	0	1	0	0	0	0	0	0	0	1	1	0	0	1	0	0	0	9	0	1	0	1	0	1	0	0	2	0	0	0	0	0	0	0	0	1	1	0	0	0	0	0	0	2	0	0	1	1	0	0	0	1	1	0	1	1	0	1	0	0	1	0	2	0	9	1	2	0	0	0	1	0	0	1	0	0	0	0	0	0	1	0	0	0	0	0	0	0
97	incline lk	0	0	2	0	1	0	0	0	0	0	0	0	1	1	0	0	1	0	1	1	1	1	0	0	0	0	0	1	1	0	0	0	0	0	0	0	0	0	0	0	0	0	0	0	1	0	0	1	0	1	0	0	0	1	1	0	0	2	0	0	0	0	0	0	1	0	1	0	1	2	0	0	1	0	1	0	0	0	0	1	1	0	0	0	0	1	0	0	0	1	1	0	0	0	0	1	0	0	1	0	0	0	0	0	0	0	0	1	1	0	1	0	1	1	1	1	0	0	1	0	0	0	1	0	0	1	0	1	0	9	0	0	1	1	1	0	0	1	2	0	2	0	1	0	0	1	0	0	0	0	1	0	1	0	0	0	1	0	0	1
98	incline lk	1	0	9	1	0	2	0	0	0	1	0	0	1	0	0	0	9	0	0	0	0	0	1	0	1	1	0	1	1	0	0	0	0	0	0	2	0	0	0	0	0	1	0	0	1	0	0	1	0	1	0	0	0	0	0	0	0	2	0	0	2	1	0	0	0	0	0	0	0	1	0	0	0	1	0	0	0	0	1	0	1	0	0	0	0	0	0	0	0	2	0	0	0	1	0	2	0	0	1	0	0	0	0	0	0	0	0	1	1	1	0	0	0	0	0	2	0	0	0	0	0	0	0	1	1	0	1	0	0	0	1	1	1	1	2	0	0	1	1	0	0	0	1	0	0	2	0	0	0	0	0	0	0	0	0	0	0	0	0	0
99	incline lk	0	0	2	1	1	2	0	0	0	9	0	0	1	0	0	0	1	0	1	1	0	0	1	0	1	1	0	2	2	0	0	0	0	0	0	1	0	0	0	0	0	1	0	0	2	0	0	2	0	2	0	0	0	0	0	0	0	1	0	0	1	1	0	0	0	0	0	0	1	1	0	0	1	1	1	0	0	0	1	1	1	0	0	0	0	0	0	0	0	1	0	0	1	0	0	2	0	0	1	0	1	0	0	0	0	0	0	0	0	1	0	0	0	0	0	1	0	0	0	0	0	0	0	1	0	0	0	0	0	0	1	1	1	1	2	1	0	1	0	1	1	0	2	0	0	1	0	0	0	0	0	0	0	0	0	0	0	1	0	0
100	incline lk	0	0	2	1	0	2	0	0	0	9	0	0	1	0	0	0	9	0	0	0	0	0	1	0	0	0	0	1	1	0	0	0	0	0	0	1	0	0	0	1	0	1	0	0	1	0	0	1	0	1	0	0	0	0	0	0	0	2	0	0	1	1	0	0	1	0	0	0	1	2	0	0	1	1	0	0	0	0	1	1	1	1	0	0	0	0	0	0	0	2	1	0	0	0	0	9	0	0	1	0	0	0	0	0	0	0	0	1	0	1	0	0	1	0	0	9	0	0	0	0	0	0	0	1	0	0	0	0	0	0	1	1	1	1	2	0	1	0	0	0	1	0	1	0	0	1	0	0	0	0	0	0	1	0	0	1	0	0	0	0
101	incline lk	0	0	1	0	0	1	0	0	0	1	0	0	1	0	0	0	0	1	0	0	1	1	0	0	0	0	0	0	0	1	0	0	0	0	0	1	0	0	1	0	1	2	0	1	2	0	0	0	0	0	0	1	0	0	1	0	0	1	0	0	1	0	0	0	0	0	0	0	2	1	0	0	2	0	2	0	0	0	0	2	0	0	0	0	0	2	0	0	0	0	0	0	0	2	0	1	0	0	2	0	1	0	0	0	0	0	0	1	1	0	0	0	0	9	1	1	0	0	0	0	0	0	1	2	2	9	1	1	0	1	1	1	1	0	2	0	0	0	1	0	1	0	1	0	0	0	1	0	0	0	0	0	1	0	0	0	0	0	0	0
102	incline lk	1	9	1	0	0	1	0	0	0	1	0	0	9	0	0	0	0	2	0	0	1	1	0	0	2	2	0	1	1	0	0	9	1	1	0	0	0	0	2	0	1	1	0	0	2	1	0	0	9	1	0	0	0	0	1	0	1	0	0	0	1	0	0	0	0	0	0	0	1	1	0	1	1	0	1	0	0	0	1	1	1	0	0	0	0	1	0	0	0	9	0	1	1	1	0	2	0	0	0	0	0	0	0	0	0	0	0	0	0	0	1	1	0	1	1	0	0	0	1	1	1	1	1	1	1	0	1	1	0	1	2	2	1	0	2	0	0	0	1	0	1	0	0	0	0	0	0	0	0	0	0	0	2	0	0	0	0	0	0	0
103	incline lk	1	9	0	0	1	0	1	1	0	1	2	0	1	0	0	0	0	0	0	0	0	0	0	0	1	1	1	1	1	0	0	0	0	0	0	0	0	0	0	0	0	2	0	0	1	0	1	2	0	2	0	0	0	0	0	0	0	0	0	0	2	1	0	0	0	0	1	0	0	0	0	1	0	1	1	0	1	0	0	0	0	0	0	0	1	9	0	0	1	2	0	1	0	0	0	0	0	0	0	1	2	0	0	0	1	0	1	1	1	0	1	1	1	0	0	1	0	0	1	1	1	0	1	1	1	0	1	1	0	1	1	1	0	1	1	1	0	0	1	0	0	0	0	0	0	2	0	0	0	0	0	0	0	0	0	1	0	0	0	0
104	incline lk	0	0	0	0	1	1	0	0	0	0	0	0	1	0	1	0	0	0	0	0	1	1	0	0	1	1	1	1	1	0	0	9	0	0	0	2	0	0	0	1	1	1	0	0	0	0	0	0	1	1	0	0	0	0	1	0	1	0	0	0	0	1	0	0	0	1	0	0	1	2	0	0	1	1	0	0	0	1	0	1	0	1	2	0	1	1	0	0	0	0	0	1	0	1	0	0	9	0	0	0	0	0	0	0	1	0	1	0	0	0	0	1	0	0	0	0	0	0	0	0	1	0	0	0	0	0	0	1	1	2	1	1	1	0	2	0	1	0	2	0	0	0	0	0	0	2	0	1	0	0	0	0	0	0	0	0	0	0	0	0
105	incline lk	0	0	9	1	0	2	0	0	0	1	0	0	1	0	0	0	9	0	9	0	0	0	0	0	1	1	0	2	2	0	0	1	0	0	0	1	0	0	0	0	0	2	0	0	1	0	0	0	0	0	0	0	0	0	0	0	0	1	0	0	2	9	0	0	0	0	0	0	0	1	0	0	0	1	0	0	0	0	0	0	0	0	0	0	0	2	0	0	9	2	0	0	0	0	0	9	0	0	1	0	0	0	0	0	0	0	0	0	0	2	0	9	0	0	0	1	0	9	0	0	2	0	0	1	0	0	0	0	0	0	0	0	2	0	2	0	0	0	1	0	1	0	2	0	0	2	0	1	0	0	0	0	0	0	0	0	0	0	0	0
107	incline lk	1	0	9	0	0	0	0	0	0	1	0	0	1	0	0	0	0	1	0	0	1	1	0	0	0	0	0	1	1	2	0	1	0	0	0	0	0	0	0	0	0	1	0	1	1	0	0	1	1	2	0	1	0	0	1	0	0	1	0	0	1	0	0	0	0	0	0	0	2	1	0	1	2	0	0	0	0	0	0	2	0	0	0	0	0	1	0	0	0	1	0	1	0	1	0	0	1	0	0	0	2	0	0	0	0	0	0	0	0	0	2	1	0	1	1	1	0	0	0	0	1	1	0	9	1	0	1	1	0	1	2	2	2	0	2	0	1	0	1	0	9	0	0	0	0	0	1	0	0	0	0	0	0	2	0	1	0	9	0	0
108	incline lk	0	0	9	0	0	0	0	0	0	1	0	0	1	0	0	0	0	9	1	1	0	0	0	0	0	0	2	2	2	0	1	1	0	0	1	1	1	1	0	0	0	1	0	0	0	0	0	1	0	1	0	0	0	2	0	0	0	2	0	0	1	0	0	0	0	0	0	0	0	2	0	1	0	2	2	0	0	0	0	0	1	0	0	0	2	9	0	0	0	1	0	0	2	1	0	1	0	0	0	0	0	0	0	0	0	0	0	0	0	0	0	0	0	1	1	2	0	0	0	0	0	0	1	1	1	0	0	1	1	1	2	2	2	9	0	0	1	0	2	0	2	1	0	2	1	1	0	0	0	0	0	0	0	0	0	1	0	0	0	0
109	incline lk	1	1	1	0	0	0	0	0	0	9	0	0	1	2	0	0	0	0	1	1	0	0	0	0	1	1	0	1	1	0	0	0	0	0	0	1	0	0	0	0	0	0	0	0	1	0	0	1	1	2	0	0	0	1	0	0	0	1	0	0	0	0	0	0	1	0	0	0	0	1	0	0	0	1	1	0	0	0	0	0	0	0	0	0	0	2	0	0	0	1	0	0	0	0	0	1	0	1	0	0	0	0	0	0	0	0	0	0	0	0	1	1	0	0	0	0	0	0	0	0	1	0	0	0	0	0	0	0	0	0	0	0	1	0	1	0	0	1	1	0	1	0	1	1	0	0	0	0	0	0	0	0	0	2	0	0	0	9	0	0
110	incline lk	0	0	9	0	1	0	0	0	0	9	0	0	1	0	0	0	0	0	0	1	0	0	0	0	0	0	0	1	1	0	1	1	0	0	1	1	0	0	1	0	1	2	0	0	2	1	0	0	2	2	0	1	0	1	0	1	1	1	0	0	0	0	0	1	1	0	0	0	2	1	0	0	2	0	1	0	0	0	0	2	0	0	0	0	0	1	0	0	0	1	0	0	0	1	0	9	9	0	0	1	0	0	0	0	0	0	0	0	0	1	1	0	0	1	9	2	0	0	1	0	0	0	0	0	1	0	1	0	1	0	1	1	1	0	1	1	1	0	1	0	1	0	2	0	0	2	0	1	0	0	0	0	2	0	1	1	0	0	0	0
111	incline lk	0	0	1	0	2	0	0	0	0	0	0	0	1	0	0	0	0	0	0	0	0	0	0	0	0	0	0	1	1	0	0	1	0	0	0	1	0	0	0	1	0	1	0	0	1	0	0	0	0	0	0	2	0	0	1	0	1	1	0	0	0	0	0	0	0	0	1	0	1	2	0	0	1	0	1	0	0	1	0	1	0	0	0	0	1	1	0	0	0	0	0	0	0	1	0	2	9	0	0	0	0	0	0	0	0	0	0	1	1	0	1	0	0	0	0	0	0	0	1	0	0	1	0	0	2	0	2	1	1	1	2	2	0	0	2	0	1	0	2	0	1	0	2	0	0	0	1	0	0	0	1	0	0	0	0	1	0	0	0	0
112	incline lk	2	9	2	0	0	0	0	0	0	9	0	0	1	9	0	0	0	1	1	0	0	0	1	0	1	1	0	0	0	0	0	0	0	0	0	1	0	0	1	0	0	0	0	0	1	0	0	0	1	1	0	0	0	0	0	0	0	1	0	0	1	0	0	0	1	0	0	0	1	2	0	0	1	0	2	0	0	0	0	1	0	0	0	0	0	1	0	0	0	9	0	1	0	0	0	1	0	1	0	1	0	0	0	0	1	0	1	0	0	1	1	1	0	0	0	1	0	0	0	0	1	0	0	0	0	0	0	0	0	0	0	0	1	0	1	9	0	1	1	0	1	0	0	1	0	0	0	0	0	0	0	0	0	2	0	0	0	0	0	0
113	incline lk	1	0	1	0	1	1	0	0	0	0	0	0	1	0	1	0	0	0	1	1	0	0	0	0	1	1	0	1	1	0	0	0	0	0	0	0	0	0	0	0	0	0	0	1	1	1	0	1	0	9	0	0	0	0	2	0	1	0	0	0	2	0	0	0	0	1	0	0	0	1	0	0	0	0	1	0	0	1	0	0	0	2	2	0	0	0	1	0	0	2	0	1	1	1	0	0	0	0	0	1	0	0	0	1	0	0	0	0	0	0	0	0	0	0	0	1	1	1	1	0	0	0	1	0	2	0	2	0	0	0	0	0	1	1	1	0	1	0	1	0	0	0	1	0	0	1	1	0	0	0	0	0	0	0	0	0	0	0	0	0
114	incline lk	0	0	1	0	2	0	0	0	0	1	0	0	1	0	0	1	0	0	0	0	0	0	0	0	1	1	0	0	0	1	0	0	0	0	0	0	0	0	1	0	1	1	0	0	0	2	0	0	0	0	0	1	0	0	2	0	1	1	0	0	1	0	0	0	1	0	0	0	0	1	0	0	0	1	1	0	0	0	0	0	1	0	0	0	1	1	0	0	0	9	1	0	1	1	0	2	0	9	0	0	2	0	0	0	0	0	0	2	1	0	0	1	0	1	1	1	0	0	2	1	1	0	0	1	0	0	0	1	0	0	1	1	0	0	0	0	0	0	1	0	0	2	1	0	2	0	1	0	0	0	1	0	1	1	0	0	0	2	0	0
115	incline lk	1	0	0	0	1	1	0	0	0	9	1	0	1	1	1	0	0	0	0	1	0	1	1	0	0	0	0	1	1	0	9	0	0	0	0	0	0	0	0	0	1	1	0	0	0	0	0	0	1	1	0	0	0	0	0	0	0	0	0	0	1	0	0	0	0	0	0	0	1	0	0	1	1	1	1	0	0	0	1	1	1	0	0	0	0	0	0	0	0	1	1	1	0	1	0	1	1	0	0	0	0	0	0	0	0	0	0	0	0	1	1	1	0	1	1	1	0	0	1	0	1	0	0	1	0	0	0	0	0	0	0	1	0	0	1	1	0	0	0	0	1	1	0	0	1	1	0	0	0	0	0	0	1	0	0	0	0	0	0	0
116	incline lk	1	0	9	0	1	0	0	0	0	9	0	0	1	9	0	0	1	0	1	1	0	0	1	1	0	0	1	1	1	0	0	9	0	0	0	0	0	0	0	0	0	1	0	0	0	1	1	1	1	2	0	1	0	0	2	0	0	2	0	0	1	0	0	0	0	0	0	0	2	1	0	1	2	0	0	0	0	0	0	2	0	0	0	0	0	9	0	0	0	9	0	1	1	1	0	0	1	0	0	0	1	0	0	0	0	0	0	1	1	0	2	0	1	0	0	1	0	0	0	0	0	0	0	9	1	0	1	1	0	1	1	1	2	0	2	0	9	9	1	0	2	0	1	9	9	2	0	0	0	0	1	0	0	0	0	0	0	0	0	0
117	echo lk	1	0	0	0	0	1	0	0	0	0	0	0	1	0	0	0	0	0	1	0	0	0	0	1	0	0	1	2	2	0	1	0	0	0	1	0	0	0	0	0	0	0	0	0	9	0	0	1	0	1	0	1	0	0	0	0	0	1	0	0	1	0	0	0	0	0	0	9	0	1	0	0	0	1	2	0	0	0	9	0	1	1	0	0	1	2	0	0	0	1	0	1	0	1	0	2	9	0	0	0	1	0	0	0	0	0	0	1	0	0	2	1	0	0	0	0	0	0	0	0	1	0	0	0	1	0	9	0	0	0	0	0	2	0	0	0	0	0	1	0	1	1	1	1	1	1	0	0	0	0	0	0	0	1	0	1	0	0	0	0
120	echo lk	1	1	9	0	1	9	0	0	0	9	0	9	1	1	0	0	0	0	2	2	1	1	1	0	0	0	9	2	2	0	1	0	0	0	1	0	0	1	2	0	0	2	0	1	1	9	0	0	1	9	0	0	0	0	9	1	0	1	0	0	9	0	0	9	0	0	0	0	1	0	0	0	1	0	2	0	0	1	0	1	0	1	0	0	0	0	0	1	0	0	0	1	0	2	0	9	0	0	0	9	9	0	0	0	0	0	0	1	0	0	2	0	1	9	1	0	2	2	1	1	1	0	0	9	0	0	0	1	0	1	1	1	0	0	1	1	0	1	2	0	9	0	0	0	1	1	0	0	0	0	0	0	2	1	0	0	0	9	1	0
121	echo lk	2	1	0	0	1	1	0	0	0	1	1	0	1	0	0	0	0	0	1	2	0	0	0	1	0	0	1	1	1	0	0	0	0	0	0	1	0	1	2	0	0	1	0	0	9	1	0	0	9	1	0	0	0	0	1	0	1	1	0	0	2	1	0	0	2	0	0	0	0	0	0	0	0	0	1	0	0	0	9	0	1	0	0	0	0	0	0	0	0	1	0	1	2	2	0	0	0	0	0	0	1	0	0	0	0	0	0	0	0	1	0	0	9	0	0	1	0	0	1	0	1	0	0	2	0	0	0	1	0	9	1	1	1	0	0	1	0	0	1	0	1	9	0	0	1	0	0	0	0	0	0	0	2	2	0	0	0	1	0	0
122	echo lk	1	1	9	1	1	1	0	0	0	1	1	0	9	0	1	0	0	0	1	1	0	0	9	1	0	0	1	1	1	0	1	0	0	0	1	0	0	0	1	0	2	2	0	0	0	0	0	0	1	9	0	0	0	0	2	0	0	1	0	0	2	0	0	0	2	0	0	1	0	1	0	0	0	0	0	0	0	0	9	0	1	1	1	0	0	9	0	0	1	2	0	1	0	1	0	0	0	0	1	0	1	0	0	0	0	0	0	0	0	1	0	0	0	0	0	1	2	2	0	0	0	0	1	1	1	0	9	1	0	0	0	0	1	0	1	0	0	9	2	0	9	9	0	9	1	1	0	0	0	0	0	0	1	1	0	0	0	1	0	0
123	echo lk	0	0	1	0	1	0	1	1	0	1	0	0	1	0	0	0	0	0	1	1	0	0	0	0	1	1	0	1	1	0	0	0	0	0	0	0	0	0	1	1	0	0	0	0	0	1	0	0	2	2	0	1	0	0	2	0	2	0	0	0	0	1	0	0	0	0	0	0	1	1	0	0	1	0	2	0	0	0	1	1	1	0	0	0	0	0	0	0	0	0	1	0	0	1	0	1	2	0	0	1	0	0	0	0	2	0	1	0	0	1	2	0	0	0	0	1	0	0	0	0	0	0	0	0	0	0	0	1	1	0	1	1	1	0	1	0	0	0	1	0	1	0	2	0	0	1	1	0	0	0	0	0	1	1	0	0	0	0	0	0
124	echo lk	1	0	0	0	1	0	0	0	0	1	0	0	1	0	2	0	0	0	0	9	1	1	1	1	0	0	0	2	2	0	0	0	0	0	0	1	2	1	0	0	0	1	0	1	1	1	1	0	9	9	0	1	0	0	0	0	1	1	0	0	1	1	0	0	0	0	0	0	1	2	0	0	1	0	1	0	0	0	9	1	0	0	0	0	0	9	0	0	0	1	1	2	2	2	0	0	0	0	0	0	2	0	0	0	1	0	1	1	0	0	0	0	0	0	0	1	0	0	2	0	0	0	0	2	1	0	1	2	0	0	0	0	1	0	1	0	1	0	1	0	0	1	0	1	1	1	0	0	0	0	0	0	1	2	0	0	0	0	0	0
126	echo lk	0	0	0	0	1	1	0	0	0	9	0	1	0	1	0	0	9	0	0	9	0	0	1	2	0	1	0	2	2	0	1	0	0	0	1	0	0	0	0	0	1	1	0	0	9	1	0	1	0	0	1	0	0	0	0	0	0	9	0	0	2	0	0	0	1	0	1	0	0	1	1	0	0	2	2	0	0	2	9	0	0	1	1	0	1	9	0	0	0	9	0	1	0	1	1	2	0	0	0	2	2	0	0	2	9	0	0	1	0	0	2	0	0	1	9	1	0	0	1	0	2	0	0	0	0	1	9	1	0	1	1	1	9	0	0	0	9	0	2	9	2	9	0	0	2	1	0	1	0	1	0	0	0	1	1	2	1	0	0	1
127	echo lk	0	0	0	0	0	0	0	0	0	9	0	0	1	0	1	0	0	0	1	9	1	1	0	0	0	0	1	1	1	0	0	0	1	1	0	1	1	1	0	0	0	1	0	0	0	0	0	0	1	1	0	1	0	1	1	1	0	0	1	1	0	0	1	1	0	0	1	0	2	1	0	0	2	0	1	0	0	0	1	2	1	0	0	0	0	2	0	0	0	1	0	0	2	1	0	2	0	0	0	0	1	0	0	0	1	0	1	0	0	0	0	1	1	0	0	0	0	0	1	0	1	1	0	0	1	0	1	0	0	0	2	2	1	0	1	0	0	2	1	0	1	0	1	0	0	2	0	1	0	0	0	0	1	1	0	0	0	0	0	0
129	echo lk	1	0	0	0	1	1	0	0	0	0	0	0	1	0	0	0	0	0	0	0	1	1	1	0	0	0	0	1	1	0	0	1	0	0	0	0	1	1	0	1	0	1	0	0	2	1	0	0	0	0	0	0	0	0	0	0	0	1	0	0	1	0	0	0	0	0	0	0	0	1	0	0	0	1	2	0	0	0	0	0	1	1	0	0	0	1	0	0	0	2	1	0	1	0	0	0	0	0	0	0	2	0	0	0	0	0	0	0	0	1	1	1	0	0	0	1	0	0	0	0	1	1	0	1	1	0	1	1	0	1	0	0	1	1	1	0	0	0	1	0	0	0	1	1	0	1	0	0	0	0	0	0	2	1	0	0	0	1	0	0
130	jakes	0	0	0	0	1	0	0	0	0	9	0	0	1	1	0	1	1	1	0	0	1	1	0	0	2	2	0	0	0	0	0	1	9	0	0	0	1	0	0	0	1	1	0	0	9	0	0	0	0	0	0	1	0	0	1	0	0	0	0	0	1	0	0	0	0	0	0	0	0	0	0	0	0	1	1	0	1	0	1	0	9	0	0	0	0	0	0	1	1	1	0	1	0	1	0	0	2	0	0	0	1	9	0	0	0	0	0	0	0	0	0	1	0	1	0	0	0	0	0	0	9	0	1	0	0	1	0	2	0	1	1	1	0	0	1	2	0	0	0	0	0	0	1	0	0	2	0	0	0	0	1	0	1	1	0	0	0	0	1	0
131	jakes	1	0	0	0	1	0	1	1	0	1	0	0	1	0	1	0	0	0	0	1	0	0	1	0	1	1	1	2	2	0	0	0	0	1	0	0	0	0	0	0	0	1	0	0	2	0	0	0	1	1	0	0	0	1	9	1	0	2	0	0	0	0	0	1	0	0	1	0	0	1	0	1	0	2	1	0	0	0	0	0	0	0	0	0	0	1	0	0	0	0	0	1	2	1	0	0	0	0	9	1	0	0	0	0	0	0	0	0	0	0	0	0	0	0	0	1	9	1	2	1	0	1	0	0	0	0	0	1	0	0	1	1	0	0	0	0	0	0	2	1	2	1	1	0	1	1	0	0	0	1	0	0	1	1	0	0	0	0	0	0
132	jakes	0	0	0	0	1	0	0	0	0	0	0	0	1	1	0	0	2	0	0	0	1	1	0	0	0	0	0	1	1	0	0	1	0	0	0	0	0	0	0	1	0	1	0	0	2	1	0	1	0	9	0	0	0	0	1	0	0	2	0	0	2	0	0	0	0	0	1	0	0	0	0	0	0	1	1	0	0	0	1	0	1	0	0	0	0	1	0	0	0	9	0	1	1	2	0	1	1	0	0	9	0	9	0	0	0	0	0	1	0	0	0	1	0	1	1	0	0	0	1	1	1	0	0	0	0	0	0	1	0	1	1	1	1	0	0	0	0	2	0	0	1	0	1	0	0	0	1	0	0	0	1	0	2	1	0	0	0	0	0	0
134	jakes	2	9	1	0	1	0	0	0	0	9	0	0	9	0	0	0	0	0	0	1	1	1	0	9	1	1	0	1	1	0	1	0	0	0	1	1	9	0	0	0	0	1	0	0	0	9	0	0	1	2	0	1	9	0	0	0	0	1	0	0	1	0	0	0	0	1	1	0	0	0	0	0	0	1	0	0	0	2	9	0	9	0	0	0	0	0	0	0	0	2	0	0	0	1	0	0	0	0	2	0	0	0	0	0	0	0	0	1	0	0	1	0	1	0	1	1	1	0	1	0	0	0	0	9	2	0	0	0	0	0	1	0	2	1	0	9	0	9	0	0	0	1	1	0	9	2	0	0	0	0	0	0	1	2	1	0	0	1	0	0
135	jakes	0	0	0	0	1	0	0	0	0	0	0	0	1	1	2	0	9	0	0	0	2	2	0	0	2	2	0	0	0	0	0	9	0	0	0	0	0	0	0	0	0	1	0	1	1	0	0	1	0	1	0	1	0	0	2	0	0	1	0	0	1	0	0	0	0	0	0	0	0	1	0	0	0	1	0	0	0	0	0	0	1	0	0	0	0	1	0	0	0	0	0	0	0	1	0	0	1	0	0	0	0	0	0	0	0	0	0	1	0	0	1	0	0	9	1	1	0	0	1	1	0	0	0	0	0	0	0	1	0	1	0	0	1	0	2	0	0	2	0	0	1	0	0	0	0	0	1	0	0	0	0	0	9	1	0	0	0	0	0	0
137	jakes	0	0	0	0	0	0	0	0	0	0	0	0	1	0	0	0	1	0	0	9	1	1	1	1	1	1	0	0	0	0	1	0	1	1	1	1	0	1	0	0	0	0	0	0	1	1	0	0	1	9	0	2	1	0	1	0	0	2	0	0	0	0	0	0	0	1	0	0	1	1	0	0	1	0	0	0	0	0	0	1	0	0	0	0	0	1	1	0	0	0	0	0	0	1	0	0	0	0	1	0	0	0	0	0	0	0	0	0	0	0	1	1	0	1	1	1	0	0	1	1	1	0	0	0	1	0	0	1	0	1	1	1	1	1	1	0	0	1	1	0	0	0	1	0	0	1	0	0	0	0	0	0	1	1	0	0	0	1	0	0
138	jakes	0	0	0	0	2	1	0	0	0	1	0	0	1	1	0	0	0	0	1	1	0	0	0	0	1	1	0	1	1	0	0	0	0	0	0	0	0	0	0	0	0	0	0	2	1	2	0	0	0	0	0	0	0	0	1	0	0	2	0	0	0	0	0	0	0	1	1	0	1	0	0	0	1	0	2	0	0	0	0	1	0	0	0	1	0	0	0	0	0	1	0	0	0	1	0	1	0	0	0	0	1	0	0	0	0	0	0	0	0	0	1	0	0	0	0	2	0	0	0	0	0	0	1	1	1	1	0	0	0	0	0	0	1	0	1	9	0	0	0	0	1	0	1	0	0	1	0	0	0	0	0	0	0	1	2	0	0	1	0	0
139	jakes	0	0	9	0	1	0	0	0	0	9	0	0	1	1	0	0	0	0	0	0	0	0	0	1	0	0	0	1	1	0	0	0	0	0	0	0	0	1	1	0	0	0	0	0	0	1	0	0	1	1	0	0	0	0	1	0	0	1	0	0	1	0	0	0	0	1	0	0	0	1	0	0	0	2	0	0	0	0	0	0	0	0	0	0	0	9	0	0	0	0	1	0	0	1	0	1	0	9	0	0	0	0	0	0	0	0	0	0	0	0	1	0	9	0	0	1	0	0	0	0	0	0	1	1	1	0	0	0	0	0	0	0	1	0	0	0	0	1	1	0	0	2	2	0	2	0	1	0	0	0	0	0	1	1	0	0	0	2	0	0
140	jakes	1	1	0	0	1	1	1	1	0	1	1	0	1	1	2	0	1	0	1	1	0	0	1	0	1	1	1	2	2	0	0	0	0	0	0	0	0	0	0	0	0	2	0	1	0	0	0	0	0	0	0	1	0	0	1	0	0	1	0	0	1	0	0	0	0	0	0	0	0	0	0	0	0	0	1	0	0	0	0	0	0	0	0	0	0	9	0	0	0	0	0	0	0	1	0	0	0	0	0	0	0	0	0	0	0	0	0	0	0	0	1	9	0	0	0	0	0	0	2	1	1	0	0	0	1	0	0	1	0	1	2	2	0	1	1	2	0	0	1	0	0	1	2	0	1	0	0	0	0	0	0	0	1	1	0	0	0	0	0	0
142	jakes	1	0	9	1	0	0	1	1	1	0	0	0	9	0	0	0	0	0	0	1	0	0	1	0	0	0	0	2	2	0	0	0	0	0	0	0	0	0	0	0	1	2	0	0	1	9	0	1	0	1	0	1	0	1	0	0	0	1	1	1	0	0	1	0	0	0	0	1	1	1	0	0	9	1	1	0	0	0	9	1	0	1	0	9	0	1	0	1	0	9	0	1	1	1	0	1	1	0	0	1	0	0	0	0	0	0	0	1	0	0	0	0	1	1	0	1	1	1	0	0	1	0	0	1	1	0	1	2	0	1	1	1	0	0	2	9	0	1	9	9	1	0	1	0	0	2	0	0	0	1	1	0	2	2	0	0	9	0	0	0
143	jakes	0	0	0	0	0	0	1	1	0	1	0	0	1	0	0	0	1	0	1	9	0	0	1	0	1	1	0	1	1	0	0	0	0	0	0	0	2	0	0	0	0	1	0	0	9	0	0	0	0	0	0	0	0	0	0	0	0	1	0	0	2	1	0	0	0	2	0	0	0	2	0	0	0	0	0	0	0	0	9	0	0	0	0	0	0	0	0	0	0	1	0	0	0	1	0	2	9	0	0	1	0	0	0	0	0	0	0	1	9	0	1	0	0	0	0	1	0	0	1	1	0	2	1	2	9	0	1	1	0	1	0	1	1	0	1	1	0	9	1	0	2	0	1	0	0	2	0	0	0	0	1	0	2	1	0	0	0	1	0	0
144	jakes	0	0	0	0	0	0	0	9	0	1	0	0	9	0	0	0	0	9	1	9	0	0	0	1	0	0	1	1	1	0	0	0	0	0	0	0	0	0	1	0	0	0	0	1	0	1	0	0	1	1	0	0	0	0	1	0	0	1	0	0	1	1	0	0	1	0	0	0	0	1	0	0	0	0	1	1	0	0	0	0	0	0	0	0	0	0	0	1	0	1	9	1	2	1	0	0	0	9	1	0	2	1	0	0	0	0	0	0	0	0	2	2	0	0	1	0	0	0	1	1	2	0	0	0	0	0	0	1	0	1	0	1	0	1	0	1	0	0	1	0	2	0	1	0	0	2	0	0	0	0	0	0	0	1	0	0	0	0	0	0
145	hvn	1	0	0	0	0	0	0	0	0	0	0	0	1	0	0	0	0	0	1	2	0	0	1	0	2	2	1	1	1	0	0	0	0	0	0	0	0	0	0	0	0	2	0	1	1	1	0	0	1	1	0	0	9	1	1	0	0	1	0	0	0	0	0	0	0	0	0	0	2	2	0	0	2	0	2	0	0	0	9	2	0	1	0	0	0	9	0	0	1	1	1	0	2	1	0	1	0	0	0	1	0	0	0	0	0	0	0	0	0	1	2	0	0	1	1	1	0	0	0	0	0	1	0	1	0	0	0	1	0	0	1	1	2	0	1	1	0	0	1	0	9	0	1	0	0	0	1	0	0	0	1	0	1	2	0	0	0	1	0	0
146	hvn	1	0	1	1	2	1	0	0	0	0	0	0	1	0	1	0	0	0	1	2	0	0	0	0	0	0	1	1	1	0	0	0	0	0	0	0	0	0	1	0	1	2	1	0	1	0	1	0	0	0	0	1	0	0	0	0	1	0	1	1	1	0	1	0	1	1	1	0	1	0	0	0	1	0	2	0	0	0	1	1	0	0	0	0	0	1	0	0	0	9	0	0	0	1	0	0	0	0	1	1	1	0	0	0	0	0	0	0	0	0	1	0	0	0	0	2	0	0	0	0	0	0	1	0	2	0	2	2	0	2	2	2	1	0	1	0	2	0	0	0	0	1	2	0	1	1	1	0	0	0	0	0	0	2	0	0	0	0	0	0
148	hvn	0	0	1	0	1	0	0	0	0	9	1	0	1	0	0	0	1	0	9	1	0	0	0	1	1	1	0	2	2	0	0	0	0	0	0	1	1	1	1	0	0	0	1	1	0	1	0	0	1	1	0	0	0	0	1	0	0	0	0	0	0	0	0	0	0	0	0	0	0	0	0	0	0	0	1	0	1	0	0	0	0	2	2	0	0	2	0	0	0	2	0	0	1	0	0	9	1	9	0	0	1	0	0	0	1	0	1	1	9	0	0	0	0	2	9	1	0	0	0	1	0	0	0	1	2	0	2	1	1	0	1	1	1	1	1	9	0	0	1	0	1	0	1	0	0	1	2	0	0	0	0	0	9	1	0	1	0	0	9	0
149	hvn	0	0	0	0	1	0	0	0	0	0	0	0	1	0	0	0	0	9	0	0	1	1	0	0	0	0	0	2	2	2	0	0	0	0	0	1	0	1	0	0	2	2	0	0	1	9	0	0	0	0	0	0	0	0	1	0	0	1	0	0	2	0	0	0	0	0	0	1	1	1	0	0	1	0	2	0	0	0	0	1	0	1	0	1	1	2	0	1	0	2	0	0	1	2	0	0	1	0	0	0	0	0	0	0	0	0	0	0	0	0	2	9	0	1	0	1	0	1	1	1	2	0	0	2	2	0	0	2	0	2	2	2	2	1	9	0	0	1	0	1	2	0	0	0	0	0	0	0	0	0	1	0	2	2	0	1	0	0	1	1
150	hvn	1	0	2	0	1	0	0	0	0	9	0	0	1	0	1	0	0	0	0	0	0	0	0	1	0	0	1	1	1	0	0	0	0	0	0	1	1	1	0	1	0	0	0	0	0	0	0	0	1	1	0	0	0	1	0	0	0	1	0	0	2	1	0	0	1	0	0	1	0	1	0	0	0	0	1	0	0	0	0	0	0	0	0	0	1	2	0	0	0	0	0	0	1	1	0	1	0	0	0	0	0	0	0	0	1	0	1	0	0	0	0	0	0	1	1	1	0	0	0	0	0	0	1	2	2	0	0	1	0	1	2	2	1	1	1	2	0	0	0	0	1	0	2	0	0	1	0	0	0	0	1	0	2	1	0	0	0	1	0	0
151	hvn	0	0	0	0	1	0	0	0	0	9	2	0	1	0	0	0	0	0	9	1	0	0	0	9	0	0	0	1	1	0	1	0	0	0	1	0	0	0	0	0	0	1	0	0	1	0	1	0	0	0	0	0	0	0	1	0	1	0	0	0	2	0	0	0	1	0	1	0	1	0	0	0	9	1	2	0	1	0	1	1	1	0	0	0	0	2	0	0	0	2	1	1	1	2	0	0	0	0	0	0	0	0	0	0	0	0	0	1	0	0	1	0	9	2	9	1	0	0	1	0	9	0	0	1	1	0	1	0	0	2	1	1	1	1	1	0	0	2	2	0	1	9	2	0	9	1	1	0	0	0	0	0	1	2	0	0	0	0	0	0
152	hvn	0	0	0	0	1	1	1	1	0	1	0	0	1	0	0	0	0	0	0	0	1	1	0	1	0	0	0	0	0	0	0	0	0	0	0	1	0	0	0	0	0	2	0	0	1	0	0	0	0	0	0	1	0	0	0	0	1	0	0	0	0	1	0	0	0	0	0	0	1	1	0	0	9	0	0	0	0	0	1	1	1	1	0	0	0	1	0	0	0	0	0	1	0	1	0	0	0	0	0	1	1	0	0	0	1	0	1	0	0	0	0	0	1	1	0	2	0	0	1	0	0	9	0	2	0	0	0	0	0	0	2	2	1	0	2	0	0	2	1	0	1	0	0	0	0	1	0	0	0	0	0	0	2	1	0	0	0	0	0	0
153	hvn	1	0	1	0	2	0	0	0	0	1	0	0	9	0	1	0	0	0	0	0	0	0	0	2	0	0	1	1	1	0	2	0	0	0	2	0	0	0	1	0	1	1	0	0	0	0	0	0	0	0	0	0	0	0	2	0	0	1	0	0	2	0	0	0	0	0	0	0	0	1	0	0	0	1	1	0	0	0	1	0	1	0	0	0	0	0	0	0	0	2	0	0	1	1	0	9	1	0	1	1	0	0	0	0	0	0	0	1	1	0	0	0	0	2	9	2	0	0	1	0	0	0	2	1	1	0	0	1	1	1	1	1	2	0	2	0	9	1	1	0	1	0	1	0	9	1	0	0	0	0	0	0	1	1	0	0	0	1	0	0
154	hvn	1	0	9	0	0	1	0	0	0	0	0	0	1	1	0	0	0	0	2	2	1	1	0	0	1	1	0	0	0	0	1	1	0	0	1	0	0	0	0	0	0	1	0	0	1	0	0	0	0	0	0	1	0	0	1	0	1	1	1	1	1	0	1	0	0	1	0	0	0	0	0	0	0	0	1	0	0	0	0	0	0	0	0	0	1	1	0	0	0	1	0	0	0	0	0	0	0	0	1	0	1	0	0	0	0	0	0	0	0	1	1	0	0	0	0	1	0	0	1	0	0	0	1	1	0	0	0	1	0	1	2	2	2	0	1	2	0	0	0	0	2	0	1	0	0	1	0	0	0	0	0	0	1	1	0	1	0	1	0	0
156	hvn	0	0	0	0	0	0	1	1	0	9	0	0	1	1	9	0	0	0	1	0	0	0	0	9	0	9	0	1	1	1	0	0	0	0	0	1	9	0	0	0	1	2	0	0	1	0	0	0	1	1	1	0	0	0	0	0	0	0	0	0	2	0	0	0	0	0	1	0	1	1	0	0	1	0	1	0	0	1	0	1	0	0	0	0	1	1	0	0	0	0	0	1	1	1	0	0	1	0	9	1	9	0	0	1	0	0	0	0	0	0	1	0	0	9	9	1	0	0	1	1	1	0	0	9	9	0	0	2	0	1	1	1	2	9	2	0	9	0	9	9	2	9	0	0	9	1	0	0	0	0	1	9	9	2	9	2	0	0	0	1
157	hvn	2	0	2	0	1	0	0	0	0	1	0	0	1	0	0	0	0	0	9	1	0	0	0	9	1	1	0	0	0	0	0	1	0	0	0	0	0	0	0	0	0	1	0	0	1	0	0	1	0	1	0	1	0	0	2	0	0	1	0	0	1	0	0	0	0	0	0	9	0	0	0	1	0	0	0	0	0	0	1	0	1	0	0	0	0	1	0	0	0	1	0	0	1	2	0	9	2	0	0	0	0	0	0	1	0	1	0	1	0	0	1	9	0	1	1	0	9	1	1	1	1	1	2	1	9	0	2	0	0	0	2	2	0	0	1	0	0	0	1	0	9	0	2	1	0	2	0	0	0	0	0	0	0	9	0	2	0	0	0	1
158	hvn	1	0	0	0	1	2	0	0	0	1	0	0	1	1	1	0	0	0	1	1	0	0	0	0	0	0	0	1	1	0	1	1	0	0	1	1	0	0	0	0	0	0	0	0	1	1	0	0	0	0	0	0	0	0	2	0	1	1	0	0	2	0	0	0	0	0	1	0	0	2	0	1	0	0	1	0	0	0	0	0	0	0	0	0	0	1	0	0	0	0	0	0	0	1	0	0	0	0	0	0	0	0	0	0	0	0	0	1	1	0	1	0	0	0	0	1	0	0	2	2	0	2	1	1	1	0	1	0	0	0	1	1	2	1	2	2	9	0	1	0	1	0	0	0	9	0	0	0	0	0	0	0	2	2	0	0	0	0	0	0
159	hvn	0	0	0	0	0	0	0	0	0	0	0	0	1	0	0	0	9	9	0	9	0	0	0	2	0	0	9	2	2	0	0	0	0	0	0	1	1	0	0	1	1	2	0	0	1	0	2	0	9	1	0	1	0	0	2	0	1	1	0	0	0	0	0	0	0	0	0	0	0	1	0	0	0	1	0	0	0	0	1	0	1	0	0	0	0	2	0	0	0	2	0	0	0	2	0	9	0	0	0	0	0	0	0	0	0	0	0	0	0	0	0	1	9	1	1	1	0	0	0	0	1	2	0	9	1	0	9	1	1	1	1	0	0	0	9	9	0	9	0	0	2	1	2	0	1	1	0	0	0	0	0	0	1	1	0	0	0	0	0	0
160	hvn	0	0	2	0	0	0	0	0	0	1	0	0	1	0	1	0	9	0	0	2	0	0	1	0	0	0	0	1	1	0	1	0	0	0	1	1	0	1	0	0	0	1	0	0	1	0	1	0	1	1	0	0	0	0	0	1	0	2	0	0	1	0	0	9	0	0	0	0	1	2	0	0	1	0	1	0	0	0	0	1	0	2	2	0	0	1	0	0	1	1	0	0	0	1	0	0	0	0	0	0	0	0	0	0	0	9	0	1	0	0	2	0	0	0	0	2	0	0	0	0	0	0	2	1	1	0	9	0	0	0	1	1	1	0	2	1	0	0	1	0	2	0	2	0	0	0	2	0	0	0	0	0	0	1	0	1	0	1	0	0
161	hvn	0	0	9	0	0	0	0	0	0	0	0	0	1	0	0	0	0	0	0	0	0	0	0	0	2	2	1	2	2	0	0	0	0	0	0	1	0	0	1	0	0	1	0	1	2	0	0	0	0	0	0	0	0	1	1	0	1	0	0	0	1	1	0	0	1	0	0	0	0	1	0	0	0	1	1	0	0	0	0	0	0	1	0	0	0	0	0	0	0	2	0	0	0	0	0	1	1	0	0	0	0	0	0	0	0	0	0	1	0	0	1	0	0	0	0	1	0	0	0	0	0	1	0	0	0	0	0	1	0	1	0	0	1	1	2	0	0	2	2	0	2	0	0	0	0	2	0	0	0	0	0	0	9	1	0	0	0	1	0	0
162	hvn	0	1	9	0	9	2	9	0	0	2	9	0	0	9	9	0	9	0	9	2	9	9	9	2	0	2	9	1	9	9	1	0	9	9	0	2	9	9	0	1	1	0	1	9	9	0	0	0	1	0	9	2	0	0	0	0	9	0	0	9	9	9	0	9	9	9	1	0	0	1	2	1	9	2	0	9	0	2	9	9	0	1	9	9	1	0	9	9	0	0	1	0	9	1	1	9	0	0	9	2	2	0	0	2	9	9	9	0	0	9	2	0	0	9	9	2	9	0	9	1	2	0	9	9	9	9	9	1	0	9	0	2	9	0	0	0	0	9	9	2	2	9	2	1	2	2	0	9	9	9	9	9	0	1	0	9	1	0	0	1
163	hvn	0	0	1	0	0	1	0	0	0	1	0	0	1	0	0	0	1	0	0	0	1	1	0	0	0	0	0	0	0	0	0	0	0	0	0	0	0	0	0	0	0	1	0	1	1	1	0	0	2	2	0	0	0	0	1	0	1	1	0	0	2	0	0	0	1	0	1	0	0	0	0	0	0	1	0	0	0	0	0	0	0	2	1	0	0	2	0	0	0	1	1	1	2	0	0	1	1	0	0	0	0	0	0	0	1	0	1	2	1	0	0	0	0	1	1	0	0	0	1	0	0	0	1	1	0	0	0	1	0	0	0	0	1	0	1	1	0	0	1	0	1	1	1	0	1	0	0	0	0	0	0	0	0	1	0	0	0	0	0	0
164	hvn	0	0	1	0	2	0	0	0	0	1	0	0	1	0	0	1	0	0	0	0	0	0	0	0	0	0	0	2	2	0	1	9	0	0	1	1	0	0	2	1	0	0	0	0	1	0	0	1	1	2	0	0	0	0	1	0	0	0	0	0	1	0	0	0	0	0	0	0	2	2	0	0	2	0	1	0	0	0	9	2	0	0	0	0	1	1	0	0	0	2	0	0	1	1	0	0	1	0	0	0	0	0	0	0	0	0	0	1	0	0	2	0	1	0	0	0	0	0	0	0	0	0	0	1	2	0	1	2	0	1	2	2	1	0	1	9	0	0	0	0	1	0	0	0	0	0	1	0	0	0	0	0	0	1	0	0	0	0	0	0
165	hvn	1	1	1	0	0	0	1	1	1	1	0	0	1	0	0	0	0	0	0	9	1	1	0	0	0	0	0	1	1	0	0	0	0	0	0	0	1	0	0	0	0	1	0	0	0	1	0	0	1	1	0	0	1	0	2	0	0	1	0	0	1	0	0	0	1	9	0	0	0	1	0	0	0	1	0	0	0	0	0	0	0	0	0	1	0	1	0	0	0	0	0	0	0	2	0	0	1	0	0	0	1	0	0	0	1	0	1	1	0	0	0	0	0	0	0	1	0	0	1	1	0	1	0	1	0	0	0	2	0	2	0	0	0	0	1	0	0	2	0	0	1	1	1	0	1	2	0	0	0	0	1	0	0	1	0	1	0	1	0	0
166	hvn	0	0	1	1	0	2	0	0	0	1	0	0	1	0	1	0	0	0	1	9	1	1	0	0	1	1	0	2	2	0	0	0	0	0	0	0	0	0	1	0	1	2	0	0	2	1	0	0	0	0	0	0	0	0	0	0	0	1	0	0	2	1	0	0	1	0	0	0	1	2	0	0	1	0	2	0	0	0	0	1	0	0	0	0	0	2	0	0	0	0	0	1	0	1	0	0	0	0	0	0	0	0	0	0	1	0	1	1	1	0	1	0	0	0	0	1	1	1	1	1	0	1	0	1	1	0	1	1	0	1	0	0	0	2	2	9	1	0	1	0	9	0	1	0	0	0	0	0	0	0	0	0	0	1	1	0	0	0	0	0
168	montreal cyn	1	0	2	0	0	0	0	0	0	9	0	0	1	0	0	0	0	0	0	0	1	1	0	0	1	9	9	2	2	0	0	9	0	0	0	0	0	1	0	0	0	1	1	0	0	1	0	0	0	0	0	0	0	1	0	0	0	1	0	0	2	1	0	0	0	0	1	0	2	0	0	0	2	0	2	0	0	1	2	2	1	0	0	0	0	2	0	0	0	1	1	2	1	1	0	0	0	0	0	1	9	9	0	0	0	9	0	0	0	0	1	0	0	0	0	1	0	0	0	0	1	1	0	2	0	0	0	2	0	2	2	2	1	2	9	0	0	0	1	1	2	1	1	2	1	2	0	1	0	0	0	0	0	1	0	1	1	0	0	0
169	montreal cyn	0	0	0	0	0	0	0	0	0	1	0	0	1	0	0	0	0	0	1	1	0	0	1	0	1	9	1	2	2	0	0	0	0	0	0	0	0	0	1	0	0	0	0	0	1	1	0	0	0	0	0	0	0	2	0	0	0	2	0	0	0	0	0	0	1	0	0	0	0	0	0	0	0	0	0	0	0	0	0	0	0	0	0	0	0	0	0	0	0	9	0	0	0	0	0	0	0	0	0	1	0	0	0	0	0	0	0	0	0	0	2	0	0	1	0	1	0	0	0	0	0	0	0	1	1	1	0	0	1	0	2	2	0	0	0	1	0	0	2	0	2	9	0	0	1	1	0	0	0	0	0	0	1	1	0	0	0	0	0	0
171	montreal cyn	0	0	1	0	2	1	0	0	0	0	0	0	1	0	0	0	9	0	1	1	0	0	0	0	1	1	0	1	1	0	0	0	1	1	0	1	0	0	0	1	0	1	0	0	9	0	0	1	0	1	0	0	1	0	1	0	2	0	0	0	1	0	0	0	1	0	1	0	1	2	0	0	1	0	2	0	0	0	1	1	1	1	1	0	0	0	0	1	0	0	1	0	0	2	0	0	0	0	0	1	0	0	0	1	1	0	1	1	1	0	1	1	0	1	9	0	0	0	2	1	1	0	0	0	0	0	0	0	0	0	0	0	1	0	1	0	0	0	1	0	0	0	1	0	0	0	1	0	0	0	0	0	0	2	0	0	0	0	0	0
173	montreal cyn	1	0	0	0	1	1	0	0	0	1	0	0	9	0	0	0	0	0	2	2	0	0	0	0	0	0	0	1	1	0	0	1	0	0	0	0	0	0	1	0	0	1	0	0	0	1	0	0	1	9	0	0	0	0	0	0	0	2	0	0	1	0	0	0	0	0	0	0	1	0	0	1	1	0	1	0	0	0	0	1	0	0	0	0	0	1	0	0	0	0	0	0	0	0	0	0	0	0	0	0	0	0	0	0	0	0	0	2	1	0	1	1	1	0	0	0	0	0	0	0	1	0	0	1	0	0	0	1	0	1	2	2	2	0	2	0	0	2	2	0	2	0	0	0	0	0	1	0	0	0	0	1	1	1	0	1	0	1	0	0
174	montreal cyn	0	0	0	0	2	1	0	0	0	1	0	0	1	1	1	0	0	0	0	1	0	0	2	0	1	1	0	1	1	0	1	0	0	0	1	0	0	1	0	0	1	1	0	0	0	1	0	0	1	1	0	2	0	0	2	0	1	0	0	0	0	0	0	0	0	1	0	0	1	0	0	0	1	0	0	0	0	0	0	1	0	0	0	1	0	9	0	0	1	1	0	1	0	1	0	0	0	0	0	0	9	0	0	0	0	1	0	0	0	0	1	0	0	0	0	1	0	0	0	0	1	1	0	0	0	0	0	1	1	1	1	1	2	2	0	0	0	1	1	0	1	0	1	1	9	1	1	0	0	0	0	0	2	1	0	1	0	0	0	0
175	montreal cyn	1	0	0	0	2	0	1	1	0	0	0	0	1	1	0	0	0	0	1	0	0	0	0	1	0	0	0	1	1	0	0	0	0	0	0	0	0	1	0	0	0	0	0	0	0	0	1	1	1	2	0	0	0	0	0	0	0	9	0	0	2	0	0	0	0	0	1	0	1	1	0	0	1	0	1	0	0	1	0	1	0	0	0	1	0	0	1	0	0	1	0	0	1	1	0	1	0	0	0	0	0	0	0	0	0	0	0	0	0	0	0	0	0	0	0	2	1	1	0	0	0	0	0	0	0	0	0	1	1	0	0	0	2	2	0	0	0	1	2	0	2	1	1	0	1	0	0	0	0	0	0	0	1	1	0	0	0	2	1	0
176	montreal cyn	0	0	1	0	0	0	0	0	0	1	0	0	1	0	0	0	0	0	0	0	0	0	0	0	0	0	0	1	1	0	0	0	0	0	0	1	1	0	0	0	0	1	0	0	1	2	0	1	0	1	0	0	0	0	0	1	1	1	1	1	1	0	1	1	0	1	1	0	1	0	0	0	1	0	1	0	0	0	0	1	0	0	0	0	0	1	0	0	0	1	0	0	0	1	0	0	1	0	0	0	1	0	0	0	0	0	0	0	0	0	1	0	0	1	1	2	0	0	1	0	0	0	0	2	1	0	1	0	0	0	0	0	0	0	2	0	0	1	1	0	1	0	1	1	0	1	0	0	0	0	0	0	2	1	1	0	0	0	0	0
177	montreal cyn	0	0	0	0	0	0	0	0	0	1	0	0	1	0	9	0	1	0	0	9	0	0	0	0	0	0	0	1	1	0	0	0	1	1	0	1	0	0	0	0	0	1	0	9	9	1	0	1	0	2	0	0	0	0	1	1	1	9	0	0	0	0	0	9	0	0	2	0	0	1	0	0	0	1	1	0	0	0	0	0	0	0	0	0	0	0	0	0	0	0	1	0	0	0	0	0	1	0	0	9	0	0	1	0	0	0	0	0	0	0	0	9	0	1	1	1	0	0	0	0	1	0	1	2	1	0	9	0	0	0	0	0	2	0	0	0	0	1	0	0	9	0	1	0	0	1	1	0	0	0	0	0	9	1	0	1	0	0	9	0
178	montreal cyn	2	0	2	0	0	0	0	0	0	1	0	0	1	0	0	0	9	0	1	2	0	0	0	0	0	0	0	1	1	0	0	0	0	0	0	0	0	0	1	0	1	1	0	1	9	1	0	1	1	2	0	0	0	1	0	0	1	1	0	0	1	0	0	0	0	0	1	0	1	1	0	1	1	0	2	0	0	0	0	1	0	0	0	0	0	0	0	0	0	1	0	0	1	1	0	1	0	0	0	0	2	0	0	0	1	0	1	1	1	0	1	0	0	9	1	2	0	0	1	1	0	0	1	9	0	0	0	1	0	1	0	0	1	0	1	0	9	0	1	1	1	0	1	0	0	0	0	0	0	0	1	0	1	1	0	1	0	0	0	0
180	montreal cyn	0	0	1	0	2	0	0	0	0	9	0	0	1	0	0	0	0	0	1	1	1	1	0	0	1	1	0	1	1	0	0	0	0	0	0	0	0	0	0	1	1	2	0	0	0	0	0	0	0	0	0	1	0	0	1	0	0	2	0	0	0	0	0	0	0	0	0	0	1	1	0	0	1	0	1	0	0	0	0	1	0	0	0	0	0	0	0	0	0	2	0	1	0	0	0	9	1	1	0	0	0	0	0	0	1	0	1	0	0	0	1	0	0	1	1	1	1	1	0	0	0	0	0	1	1	0	1	0	0	0	0	0	0	2	0	0	1	0	2	0	1	0	1	0	0	2	0	0	0	0	0	0	2	1	0	1	0	0	0	0
181	montreal cyn	0	0	9	0	1	0	0	0	0	1	0	0	1	0	0	0	0	9	1	1	0	0	0	0	2	2	0	2	2	0	0	0	0	0	0	0	0	0	0	0	0	2	0	0	1	0	0	0	1	1	0	0	0	1	0	1	0	2	0	0	0	0	0	2	0	0	0	0	1	2	1	0	1	0	2	0	0	0	0	1	0	0	0	0	0	2	0	0	0	0	0	0	0	1	0	1	9	1	0	0	0	0	0	0	1	0	1	0	0	0	2	0	1	0	0	1	0	0	1	1	0	0	0	0	0	0	0	1	0	1	1	1	1	1	2	0	0	0	0	0	0	0	0	0	0	1	0	0	0	0	0	0	0	2	0	0	0	1	0	0
182	montreal cyn	0	0	0	0	1	2	0	0	0	9	1	0	1	9	0	1	1	0	2	2	0	0	1	0	0	0	0	1	1	0	0	0	0	0	0	0	0	0	0	1	1	2	0	0	9	1	0	0	0	0	0	0	0	0	2	0	0	2	0	0	2	1	0	0	0	0	0	0	0	2	0	0	0	0	0	0	0	1	1	0	0	0	0	0	0	0	0	1	0	1	0	0	0	1	0	1	0	1	0	9	9	0	0	0	0	0	0	1	1	0	1	0	1	0	0	2	1	1	1	1	1	0	0	0	0	0	0	2	0	2	0	0	0	0	0	1	0	0	0	1	2	1	2	0	1	1	0	0	0	0	0	0	0	1	0	1	1	0	0	0
183	montreal cyn	2	0	1	0	0	0	0	0	0	0	0	0	1	0	0	0	1	0	1	1	1	1	0	0	0	0	1	1	1	0	0	0	0	0	0	1	0	0	1	0	0	1	0	1	0	0	0	2	0	2	0	2	0	0	0	0	1	0	0	0	0	0	0	0	0	1	1	0	2	1	0	0	2	0	0	0	0	0	0	2	0	0	0	0	0	9	0	0	0	1	1	1	0	1	0	0	0	0	0	0	0	0	0	0	0	0	0	0	0	0	0	0	0	0	0	1	0	0	0	0	0	0	0	1	1	0	0	0	0	1	2	2	0	0	0	0	1	1	2	1	0	1	1	0	1	0	1	0	0	0	0	0	1	9	0	0	0	0	0	1
184	montreal cyn	2	2	1	0	0	0	0	0	0	1	0	0	1	0	2	0	0	0	0	1	0	0	0	0	1	1	0	0	0	0	0	1	0	0	0	0	1	0	0	1	0	1	0	0	9	0	0	0	0	0	0	0	0	0	0	0	0	1	0	0	0	1	0	0	0	0	0	0	2	2	0	0	2	0	0	0	0	0	9	2	0	0	0	0	0	9	0	0	0	1	0	1	0	0	0	9	0	0	0	0	0	0	0	0	0	0	0	0	0	0	1	2	0	2	2	0	0	0	1	1	2	0	0	1	1	0	1	0	0	0	1	1	1	0	0	0	0	0	2	0	1	0	0	1	0	2	0	0	0	0	0	1	9	1	1	0	0	0	0	0
185	montreal cyn	0	0	1	0	1	0	0	0	0	1	0	0	1	0	0	0	0	0	0	0	0	0	0	0	0	0	1	1	1	0	0	0	0	0	0	1	1	1	0	0	0	1	0	0	0	0	0	1	0	1	0	1	0	1	1	0	1	9	0	0	0	0	0	0	1	9	0	1	1	1	0	0	1	1	1	0	0	0	0	1	0	0	0	0	0	1	0	0	0	0	0	1	1	1	0	0	0	0	0	0	1	0	0	0	0	0	0	0	0	2	2	0	0	0	0	2	0	0	2	1	0	0	1	2	1	0	0	1	0	2	2	2	0	0	0	0	0	2	2	0	0	0	0	0	0	2	0	0	0	1	0	0	1	1	0	0	0	1	0	0
186	montreal cyn	1	0	0	0	0	0	0	0	0	9	0	0	1	1	0	0	0	0	0	2	1	1	0	0	1	1	0	1	1	0	0	0	0	0	0	0	1	0	0	0	0	1	0	0	9	1	0	1	0	1	0	0	0	0	0	1	0	2	0	0	0	0	0	1	0	1	0	0	1	2	0	0	1	0	0	0	0	0	9	1	0	0	0	0	1	0	0	1	0	1	0	2	0	0	0	0	0	0	0	0	1	0	0	0	1	0	1	0	0	0	2	2	1	2	1	0	0	0	1	1	2	1	0	0	2	0	1	1	0	0	1	1	0	0	2	1	0	1	1	0	1	0	0	0	0	1	1	0	0	0	0	0	9	2	0	0	0	0	0	0
189	montreal cyn	1	0	1	0	1	0	0	0	0	1	0	0	1	0	0	1	0	0	0	0	1	1	0	1	0	0	0	1	1	0	0	0	0	0	0	1	0	1	2	0	0	2	0	0	1	0	0	0	0	0	0	0	0	0	0	0	0	9	0	0	1	1	0	0	0	0	0	0	0	1	0	0	0	1	1	0	0	0	1	0	0	0	0	0	0	2	0	0	0	0	0	1	1	0	0	0	9	0	0	0	1	0	0	0	0	0	0	0	0	0	2	1	0	0	0	1	0	0	0	0	1	0	0	1	2	0	9	2	1	2	1	1	2	1	1	1	0	0	1	1	0	0	1	9	0	1	0	0	0	0	0	0	0	1	0	1	0	0	0	0
190	montreal cyn	0	0	1	0	1	0	0	0	0	0	0	0	1	0	0	0	0	0	0	9	0	0	0	1	1	1	1	2	2	0	0	1	0	0	0	0	1	0	1	0	2	2	0	0	1	0	0	0	1	1	0	0	0	0	1	0	0	1	0	0	2	1	0	0	1	0	0	0	0	1	1	0	0	0	1	0	0	0	0	0	0	0	0	0	0	2	0	1	0	1	0	1	0	2	0	0	0	0	0	0	1	0	0	0	0	0	0	1	0	0	0	0	1	0	0	1	1	1	1	1	0	0	1	0	1	0	1	1	0	1	1	1	1	0	2	0	1	1	1	1	1	0	1	0	0	2	0	0	0	0	0	0	1	1	0	0	0	0	0	0
191	mt watson	1	0	1	0	1	0	1	1	0	0	0	0	1	0	0	0	0	0	0	0	0	0	0	0	0	0	1	2	2	0	0	0	0	0	0	0	0	0	0	0	1	1	0	0	0	1	0	1	1	2	0	2	0	0	0	0	0	1	0	0	0	1	0	0	0	0	1	0	0	1	0	0	0	1	0	0	0	0	0	0	0	0	0	0	0	0	0	0	0	1	0	0	0	1	0	2	1	0	0	0	1	0	0	0	0	0	0	0	0	0	2	0	0	0	0	1	0	0	1	1	0	1	1	0	1	0	1	1	0	0	1	1	0	0	1	0	0	1	0	0	0	0	2	0	0	1	0	1	0	1	0	0	9	1	0	1	0	0	0	0
193	mt watson	1	0	1	0	0	1	0	0	0	1	0	0	1	0	0	0	0	0	0	0	0	0	1	0	1	1	0	2	2	0	0	0	0	0	0	0	0	0	1	2	0	2	0	0	0	0	0	0	0	0	0	1	0	0	0	0	1	1	0	0	1	0	0	0	0	0	1	0	1	0	0	0	1	1	1	0	0	0	0	1	0	1	9	0	0	0	0	1	0	1	0	0	0	2	0	1	0	0	0	0	2	0	0	0	0	0	0	0	0	0	0	0	0	1	1	1	1	1	1	1	0	0	1	9	1	0	1	1	0	1	1	1	0	0	1	0	0	1	0	0	0	0	1	0	0	1	0	0	0	0	0	0	9	1	0	0	0	0	1	0
195	mt watson	0	0	9	0	1	2	0	0	0	0	0	0	1	0	1	0	0	0	1	1	0	0	0	0	1	9	0	0	0	0	1	0	0	0	1	0	0	0	9	0	0	1	0	1	0	9	1	0	0	0	0	0	0	0	2	0	1	0	0	0	2	1	0	0	1	0	0	0	1	0	0	1	9	1	0	0	0	0	0	1	0	0	0	0	0	2	0	0	0	9	9	0	0	0	0	1	0	0	0	0	1	0	0	0	0	0	0	1	0	0	1	0	0	1	0	1	0	0	2	2	0	1	0	0	1	0	1	0	0	0	1	1	1	0	2	0	0	0	2	9	1	0	2	0	0	0	1	0	0	0	0	0	1	0	0	0	1	0	0	0
196	mt watson	0	0	9	0	1	9	0	0	0	1	0	1	1	0	0	0	9	0	0	0	1	1	9	9	1	9	9	2	2	0	0	0	0	0	0	1	0	0	0	0	0	1	1	0	0	1	0	1	0	1	0	0	0	0	2	0	1	0	0	0	9	0	0	0	0	0	0	0	0	1	0	0	0	1	2	0	0	0	0	0	0	0	0	0	1	0	0	0	0	0	0	0	1	0	0	0	0	0	1	1	1	0	0	0	1	0	1	1	9	0	0	1	0	1	1	1	1	1	1	0	1	0	1	1	0	1	0	1	0	1	1	1	0	0	9	0	0	0	1	0	0	0	2	0	1	1	0	0	0	0	1	0	1	1	0	1	0	0	9	0
197	mt watson	0	0	0	0	0	0	0	0	0	0	1	0	1	0	0	0	0	0	1	1	0	0	0	0	0	0	0	1	1	0	0	1	0	0	0	0	0	0	0	0	1	1	0	0	0	0	0	0	0	0	0	1	0	0	1	0	1	0	0	0	1	0	0	0	0	0	1	0	1	0	0	0	1	0	0	0	0	0	0	1	0	0	0	0	0	1	0	0	0	2	0	0	1	0	0	1	0	0	0	1	1	0	0	0	0	0	0	0	0	0	1	0	0	1	1	0	1	1	0	0	0	0	0	1	1	0	1	0	0	0	2	2	1	1	2	1	0	0	1	1	2	0	1	0	0	0	1	0	0	0	0	0	0	0	0	0	0	1	1	0
198	mt watson	1	0	0	0	1	9	0	0	0	9	0	0	1	0	0	0	9	0	2	2	1	1	0	0	1	1	0	0	0	0	0	0	0	0	0	1	0	0	0	1	0	1	0	0	1	0	0	0	0	0	0	0	0	1	0	1	1	1	0	0	9	0	9	1	2	0	0	0	1	0	0	0	1	0	1	0	0	0	0	1	0	0	0	0	0	0	0	0	0	2	0	1	0	0	0	0	0	0	0	0	1	0	0	1	0	0	0	0	0	0	2	0	0	0	0	0	0	0	0	0	0	1	1	0	0	0	0	0	0	0	0	0	1	0	2	1	0	1	9	0	0	0	2	1	0	0	1	0	0	0	0	0	0	1	0	1	0	0	1	0
199	mt watson	0	0	1	0	1	1	1	1	0	1	0	0	1	1	1	1	0	0	1	1	0	0	1	0	1	1	0	0	0	0	1	0	1	1	1	1	1	0	0	0	0	1	0	1	0	1	0	0	2	2	0	0	0	0	0	0	0	1	0	0	1	0	0	0	0	0	1	0	0	1	0	0	0	0	1	0	0	0	0	0	0	0	0	0	0	9	0	1	0	2	0	1	1	0	0	0	9	0	0	0	0	0	0	0	0	0	0	0	0	0	1	1	0	0	0	1	0	0	1	1	1	1	0	1	0	0	0	0	0	0	1	1	1	0	0	1	0	0	0	0	1	0	1	0	0	1	1	0	0	0	0	0	0	1	0	0	0	1	1	0
200	mt watson	1	0	0	0	0	0	0	0	0	1	0	0	1	0	0	2	0	0	0	1	0	0	0	0	0	0	0	0	0	0	0	0	0	0	0	0	0	0	0	0	0	1	0	0	1	1	0	0	0	0	0	1	0	0	1	0	0	1	0	0	1	0	0	0	1	0	1	0	2	0	0	0	2	0	1	0	0	0	0	2	0	0	0	0	0	9	0	0	0	1	0	0	0	0	0	1	0	0	0	0	0	0	0	0	0	0	0	0	0	0	2	1	0	0	0	0	1	1	0	0	1	1	1	1	0	0	0	0	0	0	0	0	2	0	1	1	0	0	0	0	0	1	1	1	1	0	0	0	0	0	0	0	1	1	0	1	0	0	0	0
201	mt watson	1	1	0	0	2	1	0	0	0	0	0	0	1	0	0	0	0	0	0	0	1	1	0	0	1	1	0	1	1	0	1	0	0	0	1	1	0	0	1	0	0	0	0	1	1	0	0	0	0	0	0	0	0	0	1	0	0	0	0	0	1	0	0	0	1	0	0	0	1	0	0	1	1	0	0	0	0	0	0	1	0	1	1	0	0	0	0	0	0	1	0	1	1	1	0	0	1	0	0	1	1	0	0	0	0	0	0	0	0	0	0	1	0	0	0	1	0	0	1	1	1	0	1	1	1	0	0	0	0	0	1	1	0	0	2	0	0	1	1	0	1	0	1	1	0	0	1	0	0	0	0	0	2	1	0	0	0	0	0	0
202	mt watson	1	1	1	9	1	1	0	0	0	0	0	0	1	0	1	0	0	0	0	0	0	0	2	0	1	9	0	2	2	0	0	9	0	0	0	1	0	0	0	0	1	1	0	0	1	1	1	0	1	1	0	1	9	0	0	0	0	2	0	0	1	0	0	0	1	0	0	0	1	1	1	0	2	0	0	0	1	0	0	1	1	0	0	0	1	1	0	1	0	0	0	0	2	1	0	2	0	0	0	0	1	0	0	0	1	0	1	0	0	0	1	1	0	1	1	1	2	2	1	0	1	0	0	1	0	0	0	0	0	0	0	0	0	0	1	0	0	0	0	0	0	0	1	0	0	0	0	0	0	0	0	0	0	1	1	0	1	0	0	0
203	mt watson	1	9	0	0	1	2	0	0	0	1	0	0	1	0	1	0	0	9	0	1	1	1	0	0	0	0	0	0	0	0	0	1	0	0	0	0	0	0	1	0	0	0	0	0	0	0	0	0	2	2	0	0	0	0	1	0	0	1	0	0	2	0	0	0	1	0	1	1	0	0	0	0	0	0	1	0	0	0	1	0	0	1	9	0	0	0	0	0	0	9	0	0	0	2	0	1	0	0	0	0	0	0	0	0	0	0	0	0	0	0	0	0	0	1	1	2	0	0	1	1	0	1	0	1	1	0	1	0	0	0	0	0	0	0	1	0	1	0	2	0	9	0	1	0	0	0	0	0	0	1	0	0	1	2	0	1	0	9	0	0
205	mt watson	0	0	0	0	1	0	0	0	0	0	0	0	1	1	1	0	0	0	1	0	1	1	0	0	1	1	0	1	1	1	0	0	0	0	0	2	0	0	1	0	1	1	0	1	0	1	1	0	2	2	0	0	0	0	0	0	0	2	0	0	2	1	0	0	2	0	0	0	1	1	2	0	1	0	0	0	0	0	1	1	1	0	0	1	1	2	0	0	0	0	0	0	1	2	0	0	0	0	0	1	2	9	0	0	1	0	1	0	0	0	0	1	0	2	2	0	1	1	1	0	1	0	1	0	1	0	1	0	0	0	0	0	1	1	1	0	1	1	0	0	1	0	0	0	0	1	0	0	0	0	0	0	1	1	1	0	1	0	0	0
206	mt watson	1	0	0	0	1	0	0	0	0	1	1	0	1	1	0	0	0	9	1	1	1	1	0	1	0	0	0	1	1	0	0	0	0	0	0	0	9	0	0	0	0	0	0	0	0	1	1	0	1	1	0	0	0	0	1	0	1	0	0	0	1	0	0	0	0	0	0	0	2	1	0	0	2	0	1	0	0	0	0	2	0	0	0	0	1	2	0	0	0	1	0	0	1	1	0	1	0	0	0	0	0	1	1	0	0	0	0	1	1	0	2	1	0	0	0	1	2	2	0	0	1	0	2	0	1	0	0	1	0	1	0	0	1	1	1	0	1	0	0	0	1	0	1	0	0	1	0	0	0	0	0	0	0	1	0	0	0	2	0	0
208	mt watson	1	0	2	0	0	0	1	1	0	9	0	0	9	0	1	0	0	0	0	0	0	0	0	0	0	0	1	1	1	0	0	0	0	0	0	1	2	0	0	0	0	1	0	2	1	9	0	0	0	0	0	0	0	0	0	0	0	9	0	0	0	0	0	0	0	0	0	0	1	1	0	1	9	0	1	0	0	0	0	1	0	0	0	0	0	0	0	1	0	1	1	0	1	0	0	1	0	0	0	1	9	0	0	0	0	0	0	2	2	0	0	9	1	1	9	0	0	0	1	0	1	0	1	1	1	0	9	2	1	2	1	1	0	0	0	9	1	9	1	0	9	0	1	0	0	1	0	0	0	0	1	0	2	2	0	0	0	0	0	0
209	mt watson	1	0	0	0	0	2	0	0	0	1	0	0	1	0	0	0	0	0	1	1	0	0	0	1	0	0	0	1	1	0	0	0	0	0	0	0	1	0	1	0	1	1	1	0	1	2	0	0	1	1	0	1	0	0	0	0	0	2	0	0	0	0	0	0	0	0	0	0	1	0	0	2	1	0	0	0	0	0	0	1	0	2	1	0	0	0	0	1	0	2	1	0	0	1	0	0	9	0	0	0	0	0	0	0	0	0	0	0	0	0	0	0	0	1	1	0	0	0	9	0	0	0	1	0	2	0	1	0	0	0	1	1	1	2	1	0	1	1	1	0	2	0	1	0	0	0	1	0	0	0	0	0	0	1	0	1	0	0	0	0
211	armstrong	0	0	0	0	2	0	1	1	0	0	0	0	1	1	0	0	0	0	9	9	1	0	0	0	0	0	0	1	1	0	0	0	0	0	0	0	0	1	1	9	0	1	0	0	1	1	0	1	0	1	0	2	0	0	2	0	0	2	0	0	0	0	0	9	0	1	0	0	2	2	1	1	2	0	1	0	0	0	9	2	0	0	0	2	0	0	0	1	0	9	0	0	1	2	0	1	0	0	1	0	0	0	0	0	0	0	0	0	0	0	2	9	0	0	0	1	0	0	1	1	1	0	0	1	1	0	1	2	0	2	2	2	1	0	1	0	9	0	1	0	1	1	1	0	1	0	0	0	0	0	0	0	2	1	0	0	0	1	1	0
212	armstrong	0	0	0	0	0	0	1	1	0	1	0	0	1	0	0	0	0	0	0	0	0	0	0	1	0	0	0	0	0	0	0	0	0	0	0	1	1	0	0	1	0	0	0	0	0	0	0	0	0	0	0	0	0	1	0	0	0	2	0	0	1	0	0	0	0	0	1	0	1	0	0	0	1	0	1	0	0	0	0	1	0	0	0	0	0	0	0	0	0	0	0	0	2	0	0	0	0	0	0	1	0	0	0	0	0	0	0	2	1	0	0	0	0	0	0	0	0	0	2	2	0	2	0	0	1	9	0	1	0	2	2	2	2	0	1	0	1	0	1	0	1	0	0	0	0	0	1	0	0	0	0	0	0	2	0	0	0	0	0	0
213	armstrong	1	1	0	0	0	0	0	0	0	0	0	0	1	0	0	0	0	0	9	1	0	0	0	0	2	2	0	1	1	0	0	0	0	0	0	0	1	1	1	0	0	0	0	1	1	0	0	0	9	1	0	0	0	1	1	0	0	2	0	0	2	0	0	0	1	0	0	0	1	1	0	0	1	1	1	0	0	0	1	1	0	0	0	0	1	9	1	0	0	1	0	0	0	0	0	1	0	0	0	1	0	0	0	0	0	0	0	0	0	0	1	0	0	2	2	1	0	0	1	1	1	0	0	0	1	0	1	0	0	0	1	1	0	0	1	2	0	0	0	0	1	0	0	0	0	2	0	0	0	2	0	0	0	1	0	1	0	1	0	0
215	armstrong	1	0	0	0	1	2	0	0	0	9	1	0	1	0	0	1	0	9	0	0	2	2	0	0	0	0	0	1	1	0	1	0	0	0	1	1	0	0	1	0	1	1	0	0	1	0	0	1	1	2	0	1	0	0	0	0	0	1	0	0	1	0	0	0	0	0	1	0	2	1	0	0	2	0	0	0	0	0	2	2	0	1	1	0	1	1	0	0	0	1	2	0	1	1	0	2	0	0	0	0	0	0	0	1	1	0	1	0	0	0	1	0	0	0	0	1	1	0	1	1	0	1	0	0	1	0	9	0	0	0	0	0	2	1	1	0	0	1	2	1	1	1	2	0	9	1	0	0	0	0	1	0	0	1	0	1	1	0	0	0
217	armstrong	0	0	0	0	1	0	1	1	0	1	0	0	1	0	0	1	0	0	0	0	0	0	0	0	1	1	0	1	1	0	0	0	0	0	0	1	0	0	1	0	0	1	1	0	0	0	0	0	1	1	0	0	0	0	1	0	0	2	0	0	2	0	0	0	1	0	0	0	1	1	0	0	1	0	1	0	0	0	0	1	0	0	0	0	0	1	0	0	0	2	0	0	0	0	0	0	0	0	0	0	0	0	0	0	0	1	0	1	1	0	0	0	0	9	1	0	0	0	1	1	0	0	1	0	0	0	0	0	0	0	1	1	2	0	0	0	1	1	0	0	0	0	0	1	0	0	1	0	0	0	0	0	2	1	0	0	0	0	0	0
218	armstrong	0	0	0	0	1	1	0	0	0	0	0	0	1	0	0	0	1	0	0	1	0	0	1	0	1	1	0	0	0	0	0	0	0	0	0	0	0	0	0	0	0	0	0	0	9	0	0	0	0	0	0	0	0	1	1	0	1	1	0	0	2	0	0	0	0	0	0	0	1	1	1	0	1	0	1	0	0	0	2	1	1	1	0	0	0	2	0	0	0	1	0	0	1	1	0	1	0	0	0	0	0	0	0	0	0	1	0	0	0	0	1	1	0	1	1	1	0	0	0	0	1	0	0	0	2	0	2	2	0	2	1	1	2	2	0	0	1	0	2	1	0	1	1	0	1	0	1	0	0	0	0	0	1	1	0	0	0	0	0	0
219	armstrong	0	0	0	0	1	9	0	0	9	1	0	0	1	0	0	1	0	0	2	2	0	1	0	9	1	9	0	0	0	0	0	0	0	0	0	1	0	1	0	0	1	2	0	1	9	0	0	9	0	1	0	0	0	0	1	0	1	1	0	0	2	0	0	0	0	1	0	0	0	1	1	0	0	1	1	0	0	9	0	0	0	1	0	0	0	9	0	0	0	1	0	2	0	0	0	0	0	0	0	1	1	9	0	0	1	0	1	0	0	0	0	1	0	0	0	1	9	9	1	0	2	0	0	0	0	1	1	0	0	9	1	0	0	0	1	0	0	1	1	0	1	0	0	0	0	1	0	0	0	1	0	0	1	1	0	1	1	0	0	1
221	armstrong	1	0	9	0	0	0	0	0	0	0	0	0	1	0	1	0	0	1	1	0	0	0	1	0	0	0	0	2	2	0	0	0	0	0	0	1	1	0	0	1	1	1	0	1	1	1	0	0	0	0	0	0	1	0	1	0	0	2	0	0	9	0	0	0	0	0	0	1	2	0	0	0	9	0	1	0	0	0	0	2	0	1	0	0	1	1	0	0	0	1	0	1	2	1	0	0	0	0	1	0	0	0	0	0	0	0	0	1	0	0	0	1	0	9	1	0	0	0	1	0	2	1	0	1	2	0	2	0	0	9	1	1	0	0	0	1	0	1	2	0	2	0	0	0	0	2	0	0	0	0	0	0	1	2	0	0	0	0	0	0
223	armstrong	1	0	2	0	0	2	0	0	0	0	0	0	1	0	0	0	0	0	1	1	0	0	0	0	1	1	1	2	2	0	0	0	0	0	0	1	1	0	0	0	0	1	0	0	1	0	0	1	0	1	0	0	0	0	0	0	0	0	0	0	1	0	0	0	0	0	0	0	1	0	0	1	1	0	2	0	0	0	1	1	1	0	0	0	0	2	0	0	0	0	0	1	0	2	0	0	0	0	1	0	0	0	0	0	0	0	0	1	1	0	0	0	1	0	0	0	1	1	0	0	0	0	0	9	1	0	1	2	0	1	1	1	1	0	1	0	0	1	0	0	1	0	0	0	0	1	0	0	0	0	0	0	1	1	0	0	1	0	0	0
224	armstrong	1	0	0	0	1	1	0	0	0	0	0	0	1	0	0	0	1	0	1	9	0	0	0	0	0	0	0	0	0	0	1	0	0	0	1	0	0	0	0	1	1	1	0	0	1	0	0	1	0	1	0	0	0	1	9	0	1	1	0	0	1	0	0	0	0	0	0	0	1	0	0	0	1	0	1	0	0	0	0	1	0	0	0	0	0	0	0	0	0	2	1	1	2	0	0	0	0	0	0	1	1	1	1	0	0	0	0	0	0	0	1	1	0	1	1	1	0	0	0	0	1	0	0	0	2	0	9	1	0	0	2	2	1	2	2	1	0	1	2	1	0	0	0	0	0	0	0	0	0	0	0	0	0	1	0	1	0	0	1	0
225	armstrong	0	0	9	0	1	2	0	0	0	1	1	0	1	0	0	0	1	1	0	0	0	0	0	0	0	0	0	1	1	0	0	0	1	1	0	0	1	0	0	0	0	0	0	0	0	1	0	1	0	9	0	1	0	0	0	0	0	9	0	0	0	0	0	0	0	1	0	0	1	0	0	1	1	1	1	0	0	0	0	1	0	0	0	0	0	2	0	1	0	1	0	0	1	1	0	2	0	0	0	1	0	0	0	0	0	0	0	0	0	0	1	0	0	2	2	1	0	0	2	2	0	0	0	0	1	0	0	0	0	0	1	1	2	0	9	0	0	1	2	1	0	0	0	0	0	1	0	0	0	0	0	0	1	2	0	0	0	0	0	0
226	armstrong	1	0	0	0	1	1	0	0	0	1	0	0	1	0	0	0	0	9	1	2	0	0	0	0	1	1	9	2	2	0	0	0	0	0	0	0	0	0	0	0	0	1	0	0	2	1	1	0	0	0	0	0	0	0	0	0	0	1	0	0	1	1	0	0	0	0	0	0	2	1	0	0	2	0	1	0	0	0	1	2	1	0	0	0	0	1	0	0	0	0	0	0	0	1	0	9	9	0	0	0	0	0	0	0	0	0	0	1	1	0	2	0	0	2	2	0	0	0	1	1	0	1	2	1	1	0	0	1	0	1	2	2	2	0	1	0	1	1	0	0	1	0	0	0	0	0	1	0	0	0	0	0	9	1	0	1	0	0	0	0
227	armstrong	0	0	0	0	1	0	0	0	0	0	1	0	1	0	0	0	0	0	9	9	0	0	0	0	1	1	1	1	1	0	0	1	0	0	0	1	0	0	0	0	0	1	0	0	1	1	0	0	1	1	0	1	0	0	1	0	0	1	0	0	0	0	0	0	0	0	0	0	0	1	0	0	0	1	0	0	0	0	1	0	1	0	0	0	0	1	1	1	0	0	0	0	0	1	0	1	0	0	0	0	0	0	0	0	0	0	0	2	1	0	1	0	0	1	1	9	0	0	1	1	0	0	1	0	0	0	0	1	0	1	1	1	1	0	0	0	0	1	0	0	0	2	1	0	2	0	2	0	0	0	1	0	0	1	0	1	0	1	0	0
228	armstrong	0	0	0	0	1	1	0	0	0	1	0	0	1	1	1	0	0	0	9	0	0	0	9	0	1	1	1	1	1	0	0	1	0	0	0	1	0	1	0	0	1	1	0	0	0	1	0	0	1	1	0	0	0	0	2	0	1	1	0	0	0	0	0	0	0	2	0	0	1	0	0	0	0	0	0	0	0	0	0	0	0	0	0	0	0	1	0	0	0	2	0	0	0	0	0	0	0	0	0	2	1	9	0	0	0	0	0	0	0	0	0	1	0	1	1	1	0	0	1	0	1	1	0	0	1	0	1	2	0	1	2	2	2	1	1	0	0	1	1	0	1	1	1	0	1	2	0	0	0	0	0	0	1	1	0	0	0	0	0	0
230	armstrong	0	0	0	0	0	1	0	0	0	0	0	0	9	0	0	1	0	9	1	1	0	0	1	0	0	0	0	1	1	0	1	0	0	0	1	0	0	0	0	0	0	1	1	0	9	0	0	0	0	0	0	0	0	9	0	0	0	2	0	0	0	1	0	0	0	0	0	0	1	1	0	0	1	1	0	0	0	0	0	1	0	0	0	0	0	1	0	0	0	1	0	1	0	0	0	1	0	0	0	0	2	0	0	0	0	0	0	1	9	1	0	0	1	0	0	1	0	0	1	1	0	1	1	1	0	1	0	1	0	0	2	2	2	0	0	1	0	0	1	0	2	0	0	1	9	0	0	0	0	0	0	0	9	1	0	1	0	0	0	0
231	armstrong	1	9	0	0	1	0	0	0	0	0	0	0	1	0	0	0	9	0	1	1	0	0	0	0	1	1	0	1	1	0	0	0	0	0	0	1	0	0	0	0	0	2	1	1	9	1	0	1	0	1	0	0	0	1	1	0	0	2	0	0	1	0	0	0	0	0	0	0	0	0	0	1	0	2	1	0	0	0	0	0	0	0	0	0	0	2	0	0	0	0	0	1	1	0	0	0	0	0	0	0	2	0	0	0	0	0	0	0	0	1	9	0	2	0	0	1	0	0	1	1	0	1	1	0	0	0	0	1	0	0	1	2	2	1	0	1	0	9	0	0	1	1	0	1	1	0	1	0	0	0	0	0	2	2	0	0	0	0	0	0
232	armstrong	0	0	1	0	2	9	0	0	0	9	0	0	9	0	0	0	0	1	0	1	0	0	0	0	0	0	0	0	0	0	0	0	9	0	0	1	0	0	0	0	1	0	9	0	1	1	0	1	1	2	0	1	0	0	2	0	0	2	0	0	0	1	0	0	0	0	0	0	1	2	0	0	1	0	1	0	0	0	9	1	0	0	0	0	1	9	0	0	0	0	1	1	1	1	0	9	0	0	0	1	0	0	0	0	0	0	0	1	0	0	9	0	0	0	0	1	0	0	2	0	0	0	1	0	2	0	0	9	0	0	1	1	0	0	2	2	0	0	2	0	0	0	1	0	0	0	1	0	0	0	0	0	9	1	0	0	0	0	0	0
233	meiss mdw	1	1	0	0	0	0	0	0	0	1	0	0	1	0	0	0	0	0	1	1	0	0	0	0	0	0	0	0	0	0	1	0	0	0	1	0	1	0	1	0	1	1	1	0	1	2	0	1	0	9	0	0	0	0	0	0	0	1	0	0	0	0	0	0	0	0	0	0	0	1	0	0	0	0	1	0	0	0	0	0	0	0	0	0	0	0	0	0	0	2	0	0	0	0	0	2	0	0	0	1	1	0	0	0	0	0	0	0	0	0	1	9	0	0	0	0	0	0	0	0	1	1	1	0	1	0	1	2	0	0	0	0	0	1	0	0	0	1	1	0	2	2	0	0	2	0	0	0	0	0	0	0	0	2	0	0	0	0	0	0
234	meiss mdw	0	0	1	0	0	1	0	0	0	1	0	0	1	0	0	1	0	0	0	0	2	2	0	0	0	0	0	0	0	0	0	0	0	0	0	0	0	0	0	0	1	1	0	0	1	2	0	0	0	0	0	0	0	0	0	0	0	1	0	0	0	0	0	0	1	0	0	0	0	2	1	0	0	0	0	0	0	0	0	0	0	0	0	0	0	2	0	0	0	2	0	0	0	1	0	0	0	0	0	0	1	0	0	0	0	0	0	1	0	0	1	0	0	1	1	1	0	0	0	0	0	0	2	0	1	0	1	0	0	0	1	1	1	1	1	0	0	1	1	0	2	1	1	0	1	1	0	1	0	0	0	0	0	0	0	2	0	0	0	0
235	meiss mdw	1	1	1	0	1	0	0	0	0	1	0	0	1	0	0	1	0	0	0	0	0	0	1	0	0	0	0	1	1	0	1	9	0	0	1	0	0	0	0	0	0	2	0	0	2	1	0	0	2	2	0	0	1	0	1	0	0	1	0	0	1	0	0	0	0	1	0	0	1	1	0	1	1	0	0	0	0	0	1	1	1	0	0	0	0	2	0	0	0	0	1	0	0	2	0	9	0	0	0	0	0	0	0	0	0	1	0	0	0	0	1	0	0	1	1	2	0	0	0	0	0	2	0	1	1	0	1	0	1	0	1	1	1	0	1	2	0	0	1	1	2	0	0	0	0	0	1	0	0	0	0	0	1	0	0	0	0	1	0	0
236	meiss mdw	0	0	2	0	0	0	0	0	0	0	0	0	1	1	0	1	0	0	0	0	0	0	0	0	1	1	1	2	2	0	0	0	1	1	0	0	0	0	1	0	0	1	0	0	0	0	0	0	1	1	0	0	0	1	0	0	0	1	1	1	1	0	1	0	0	1	0	9	1	0	0	1	1	1	1	0	0	0	0	1	0	0	0	0	0	1	0	0	0	9	0	0	2	0	0	1	1	0	0	0	2	0	0	1	0	1	0	0	0	1	0	0	0	1	1	0	0	0	1	1	0	0	0	1	1	0	1	1	0	1	1	1	0	0	0	1	0	0	0	0	1	0	0	0	0	0	2	0	0	1	0	0	2	0	0	0	0	0	0	0
237	meiss mdw	1	0	9	0	2	1	0	0	0	1	0	0	1	1	0	0	0	0	0	0	0	0	0	0	1	1	0	0	0	0	1	0	0	0	1	0	0	1	1	0	0	1	0	0	1	1	0	0	0	0	0	0	0	2	0	0	0	1	0	0	1	0	0	0	0	0	1	1	1	1	0	0	1	0	0	0	0	0	0	1	0	0	0	0	0	2	0	0	0	2	0	0	0	0	0	1	1	0	0	0	1	0	0	0	0	0	0	0	0	1	1	1	1	1	1	1	0	0	1	1	1	0	0	1	2	0	1	1	0	1	2	2	0	0	1	1	0	1	1	0	1	0	0	0	0	0	2	0	0	0	0	0	1	0	1	0	0	1	0	0
238	meiss mdw	1	1	0	0	0	1	0	0	0	1	1	0	1	0	0	0	0	0	0	0	0	0	1	0	1	1	1	1	1	1	0	0	0	0	0	0	0	0	0	1	0	1	0	1	0	2	0	0	1	1	0	1	0	2	0	0	0	1	0	0	0	0	0	0	0	0	0	0	2	1	0	0	2	0	0	0	0	0	0	2	0	0	0	0	0	0	0	0	1	2	0	0	1	2	0	0	0	0	1	1	0	0	0	0	0	0	0	1	0	0	0	1	0	1	1	0	0	0	1	1	1	1	9	0	0	0	0	1	0	0	1	1	1	0	0	0	0	0	0	1	1	1	0	0	1	1	0	0	0	0	0	0	0	2	0	0	0	0	0	0
239	meiss mdw	1	0	1	0	0	9	0	0	0	0	1	0	1	0	0	0	0	9	0	1	0	0	0	0	1	1	0	0	0	0	0	1	0	0	0	0	0	0	0	0	0	0	0	0	0	2	0	0	0	0	0	0	0	0	0	0	0	1	0	0	0	0	0	0	0	0	0	0	0	2	0	0	0	0	1	0	0	0	0	0	0	0	0	0	1	0	0	0	0	1	0	1	0	1	0	0	0	0	0	2	2	0	0	0	0	0	0	0	0	0	1	0	1	1	9	1	0	0	0	0	0	1	0	1	0	0	0	1	0	0	0	0	1	0	0	0	0	9	2	0	2	9	1	0	1	1	0	0	0	0	0	0	0	0	1	0	0	0	0	0
241	meiss mdw	1	1	0	0	1	1	0	0	0	0	1	0	1	0	0	1	9	0	0	0	0	0	1	1	1	1	0	0	0	0	0	1	0	0	0	0	0	1	0	0	0	1	1	0	0	1	0	0	1	1	0	0	0	1	1	0	0	1	0	0	1	1	0	0	0	1	0	0	0	1	0	0	0	1	1	0	0	0	1	0	1	0	0	0	0	2	0	0	0	9	0	1	0	2	0	0	0	0	0	0	1	0	0	0	0	0	0	0	0	0	0	0	0	0	0	2	0	0	0	0	0	0	0	0	1	0	1	0	0	0	1	1	2	0	9	0	0	1	1	0	1	1	1	0	1	1	1	0	0	0	0	0	1	0	0	0	0	1	0	0
242	meiss mdw	0	0	0	0	2	1	0	0	0	1	0	0	1	0	0	0	0	0	1	0	0	0	0	0	0	0	0	1	1	0	0	0	1	1	0	0	0	0	1	0	0	1	0	1	1	1	0	0	0	0	0	1	0	0	1	0	0	2	0	0	1	0	0	0	0	0	0	0	0	0	0	0	0	0	0	0	0	0	0	0	0	1	0	0	1	1	0	0	0	0	0	1	0	0	0	0	1	0	0	0	0	0	0	0	0	0	0	1	0	0	1	1	0	2	2	0	1	1	1	0	1	0	1	2	2	0	2	1	0	0	1	1	2	0	2	1	0	1	1	0	0	0	0	0	0	1	1	0	0	0	0	0	1	0	0	1	0	9	0	0
244	meiss mdw	1	1	9	0	0	2	0	0	0	0	1	0	1	0	0	0	9	0	1	1	0	0	1	0	2	2	0	1	1	0	0	9	0	0	0	0	0	1	1	0	1	1	0	0	1	1	0	0	1	1	0	0	0	1	0	0	0	0	0	0	2	0	0	0	0	1	1	0	0	0	0	0	0	2	1	0	0	0	2	0	1	0	0	0	0	1	0	0	0	1	0	0	0	1	0	0	1	0	0	0	1	0	0	0	0	0	0	1	0	0	0	0	0	1	0	2	0	0	0	0	0	1	0	0	1	0	1	0	0	0	0	0	1	0	2	0	0	0	0	0	1	0	2	0	0	0	1	0	0	0	0	0	1	0	0	0	0	0	0	0
245	meiss mdw	0	0	0	0	0	0	0	0	0	0	1	0	1	0	0	0	9	0	0	0	0	0	0	0	1	1	0	0	0	0	0	1	0	0	0	0	1	1	0	0	1	1	0	0	0	1	0	0	9	2	0	0	0	0	0	0	0	0	0	0	1	0	0	0	0	0	2	0	1	1	0	0	1	1	0	0	0	0	0	1	0	0	0	0	0	0	0	0	0	1	0	1	0	0	0	1	0	0	0	0	1	0	0	0	0	0	0	1	0	0	0	0	0	2	2	2	0	0	0	0	0	1	0	0	0	0	0	0	0	0	0	0	0	0	2	9	0	0	1	0	0	0	1	0	0	0	2	0	0	0	0	0	2	9	0	0	0	0	0	0
246	meiss mdw	0	0	0	0	2	1	0	0	0	1	0	0	1	0	2	1	0	0	0	0	1	1	0	0	1	1	0	1	1	0	1	1	1	1	1	0	0	0	0	1	0	1	0	0	2	0	0	0	1	1	0	1	0	0	0	0	2	0	0	0	1	1	0	0	0	0	0	0	1	1	0	0	1	0	0	0	0	1	0	1	0	0	0	0	0	2	0	0	0	2	0	0	1	2	0	1	0	0	0	0	0	0	0	0	0	1	0	1	1	0	0	0	0	9	1	0	0	0	0	0	0	0	0	1	0	0	0	0	1	0	2	2	1	0	1	2	0	0	2	1	2	0	2	0	0	0	2	0	0	0	0	0	0	0	0	0	0	0	0	0
247	meiss mdw	0	0	0	0	0	1	0	0	0	9	0	0	1	0	0	0	0	0	1	1	0	0	1	0	2	2	1	2	2	0	0	0	0	0	0	1	0	1	2	0	0	0	0	0	0	0	1	0	0	0	0	0	1	0	1	0	1	9	0	0	2	0	0	0	0	0	1	0	0	2	0	0	0	0	1	0	0	1	0	0	0	0	0	0	0	1	0	0	0	2	1	2	1	0	0	9	0	0	1	1	0	0	0	0	0	0	0	0	0	0	1	0	1	0	0	2	0	0	0	0	0	0	0	1	0	0	0	0	0	0	0	0	0	0	2	0	0	1	0	0	2	0	1	1	0	1	0	0	0	0	0	0	1	0	1	0	0	0	0	0
248	meiss mdw	0	0	1	0	0	1	0	0	0	0	0	0	1	1	0	0	1	0	0	1	0	0	1	0	2	2	0	0	0	0	0	1	0	0	0	0	0	0	0	0	0	0	0	0	0	1	0	1	1	2	0	0	0	1	0	0	0	1	0	0	2	0	0	0	0	0	0	0	1	0	0	0	1	0	2	0	0	0	0	1	0	0	0	0	0	1	0	0	0	0	1	1	1	0	0	1	0	0	0	0	1	0	0	0	0	0	0	0	0	0	0	0	0	0	0	1	0	0	1	1	0	0	9	0	1	0	1	0	0	0	1	1	0	0	1	1	0	0	0	0	2	0	1	0	0	0	0	0	0	0	0	0	0	0	0	1	0	0	0	0
249	meiss mdw	1	0	2	0	0	0	0	0	0	1	0	0	1	0	0	0	0	0	0	0	0	0	1	0	1	1	0	2	2	0	1	0	0	0	1	0	0	0	0	0	0	0	0	0	0	1	0	1	0	1	0	1	0	0	0	1	0	1	0	0	0	1	0	9	0	0	0	0	0	1	0	0	0	2	1	0	0	1	2	0	0	0	0	0	1	1	0	0	0	2	0	1	1	2	0	1	0	0	1	0	1	0	0	0	1	0	1	0	0	0	1	2	0	0	0	0	0	0	0	0	2	0	0	1	1	0	1	1	0	1	2	2	0	0	0	1	1	0	1	0	0	2	0	0	2	1	0	1	0	0	0	0	1	2	0	0	0	1	0	0
250	meiss mdw	0	0	1	1	0	0	0	0	0	9	0	0	1	0	0	1	1	0	0	0	0	0	0	1	0	0	0	2	2	0	1	0	0	0	1	0	0	0	1	0	1	2	0	2	0	0	0	0	1	1	0	0	0	0	0	1	0	2	0	0	1	0	0	1	0	0	0	0	2	0	0	0	2	0	0	0	0	1	1	2	0	1	1	0	1	1	1	0	0	1	0	0	0	2	0	0	0	0	0	0	0	0	0	0	0	0	0	0	0	0	1	1	0	0	0	0	0	0	1	0	1	1	1	2	0	0	0	1	0	1	1	1	0	1	1	1	0	1	1	0	2	1	1	0	1	2	0	0	0	0	0	0	0	0	0	1	1	0	0	0
251	meiss mdw	2	9	0	0	1	1	0	0	0	1	0	0	1	0	0	0	0	0	1	1	0	0	0	0	1	1	0	2	2	0	0	0	0	0	0	0	0	0	1	0	0	0	0	0	0	2	0	1	0	1	0	1	1	0	1	0	0	2	0	0	1	0	0	0	0	0	1	0	0	1	0	0	0	0	1	0	0	1	0	0	0	0	0	0	0	1	0	0	0	2	0	1	1	1	0	0	0	0	0	0	0	0	0	0	0	0	0	0	0	0	2	0	0	0	0	1	0	0	1	1	0	0	0	1	0	0	0	1	0	1	1	1	0	0	2	0	1	1	0	0	2	0	0	1	0	1	0	0	0	0	0	0	1	0	0	0	0	1	0	0
253	meiss mdw	0	0	1	1	0	0	0	0	0	1	1	0	1	0	0	0	1	0	0	0	0	0	0	0	1	1	0	0	0	0	0	0	0	0	0	0	0	0	0	0	1	1	0	1	0	0	0	0	1	1	0	1	0	0	0	1	0	2	0	0	0	0	0	1	0	1	0	0	0	2	0	0	0	1	0	0	0	1	1	0	0	2	1	0	0	1	0	0	0	2	0	1	0	1	0	0	0	0	1	0	1	0	0	1	1	0	1	0	0	0	1	1	0	0	0	1	0	0	0	0	1	0	0	1	0	0	0	1	0	1	2	2	2	1	0	0	1	0	1	0	2	1	1	0	1	1	0	0	0	0	0	0	2	0	0	0	0	0	0	0
